217.000,102.545,987.100,14.120,1.197,239.226,19.992,221198.821,0.000,0.000,0.000,0.000,10.000,0.000,0.000,0.000,0.000,0.033,15.885,0.000,1.274,0.000,0.000,0.000,0.038,16.034,0.000,1.239,0.000,0.000,0.000,0.000,0.000,0.000,0.000,22.000,2.000,2024.000,10.000,49.000,40.000
217.000,102.546,987.098,14.120,1.197,239.229,19.993,221199.675,0.000,0.000,0.000,0.000,10.000,0.000,0.000,0.000,0.000,0.033,15.879,0.000,1.271,0.000,0.000,0.000,0.038,16.025,0.000,1.239,0.000,0.000,0.000,0.000,0.000,0.000,0.000,22.000,2.000,2024.000,10.000,49.000,40.000
217.000,102.546,987.098,14.120,1.197,239.229,19.993,221199.675,0.000,0.000,0.000,0.000,10.000,0.000,0.000,0.000,0.000,0.033,15.879,0.000,1.271,0.000,0.000,0.000,0.038,16.024,0.000,1.239,0.000,0.000,0.000,0.000,0.000,0.000,0.000,22.000,2.000,2024.000,10.000,49.000,40.000
217.000,102.546,987.098,14.120,1.197,239.229,19.993,221199.675,0.000,0.000,0.000,0.000,10.000,0.000,0.000,0.000,0.000,0.033,15.894,0.000,1.271,0.000,0.000,0.000,0.038,16.020,0.000,1.239,0.000,0.000,0.000,0.000,0.000,0.000,0.000,22.000,2.000,2024.000,10.000,49.000,40.000
217.000,102.551,987.096,14.120,1.197,239.240,19.993,221204.843,0.000,0.000,0.000,0.000,10.000,0.000,0.000,0.000,0.000,0.033,15.897,0.000,1.271,0.000,0.000,0.000,0.038,16.019,0.000,1.239,0.000,0.000,0.000,0.000,0.000,0.000,0.000,22.000,2.000,2024.000,10.000,49.000,40.000
217.000,102.551,987.096,14.120,1.197,239.240,19.993,221204.843,0.000,0.000,0.000,0.000,10.000,0.000,0.000,0.000,0.000,0.038,15.881,0.000,1.271,0.000,0.000,0.000,0.038,16.035,0.000,1.239,0.000,0.000,0.000,0.000,0.000,0.000,0.000,22.000,2.000,2024.000,10.000,49.000,40.000
217.000,102.549,987.099,14.120,1.197,239.236,19.993,221203.022,0.000,0.000,0.000,0.000,10.000,0.000,0.000,0.000,0.000,0.033,15.873,0.000,1.271,0.000,0.000,0.000,0.038,16.042,0.000,1.236,0.000,0.000,0.000,0.000,0.000,0.000,0.000,22.000,2.000,2024.000,10.000,49.000,40.000
217.000,102.549,987.099,14.120,1.197,239.236,19.993,221203.022,0.000,0.000,0.000,0.000,10.000,0.000,0.000,0.000,0.000,0.038,15.866,0.000,1.271,0.000,0.000,0.000,0.038,16.027,0.000,1.236,0.000,0.000,0.000,0.000,0.000,0.000,0.000,22.000,2.000,2024.000,10.000,49.000,41.000
217.000,102.540,987.099,14.120,1.197,239.215,19.992,221193.316,0.000,0.000,0.000,0.000,10.000,0.000,0.000,0.000,0.000,0.038,15.862,0.000,1.267,0.000,0.000,0.000,0.038,16.017,0.000,1.236,0.000,0.000,0.000,0.000,0.000,0.000,0.000,22.000,2.000,2024.000,10.000,49.000,41.000
217.000,102.540,987.099,14.120,1.197,239.215,19.992,221193.316,0.000,0.000,0.000,0.000,10.000,0.000,0.000,0.000,0.000,0.033,15.872,0.000,1.267,0.000,0.000,0.000,0.033,16.018,0.000,1.236,0.000,0.000,0.000,0.000,0.000,0.000,0.000,22.000,2.000,2024.000,10.000,49.000,41.000
217.000,102.538,987.099,14.120,1.197,239.210,19.992,221191.160,0.000,0.000,0.000,0.000,10.000,0.000,0.000,0.000,0.000,0.033,15.882,0.000,1.267,0.000,0.000,0.000,0.038,16.019,0.000,1.236,0.000,0.000,0.000,0.000,0.000,0.000,0.000,22.000,2.000,2024.000,10.000,49.000,41.000
217.000,102.538,987.099,14.120,1.197,239.210,19.992,221191.160,0.000,0.000,0.000,0.000,10.000,0.000,0.000,0.000,0.000,0.038,15.883,0.000,1.267,0.000,0.000,0.000,0.038,16.020,0.000,1.232,0.000,0.000,0.000,0.000,0.000,0.000,0.000,22.000,2.000,2024.000,10.000,49.000,41.000
217.000,102.542,987.097,14.120,1.197,239.219,19.992,221195.249,0.000,0.000,0.000,0.000,10.000,0.000,0.000,0.000,0.000,0.038,15.885,0.000,1.267,0.000,0.000,0.000,0.038,16.023,0.000,1.236,0.000,0.000,0.000,0.000,0.000,0.000,0.000,22.000,2.000,2024.000,10.000,49.000,41.000
217.000,102.542,987.097,14.120,1.197,239.219,19.992,221195.249,0.000,0.000,0.000,0.000,10.000,0.000,0.000,0.000,0.000,0.038,15.882,0.000,1.264,0.000,0.000,0.000,0.038,16.023,0.000,1.232,0.000,0.000,0.000,0.000,0.000,0.000,0.000,22.000,2.000,2024.000,10.000,49.000,41.000
217.000,102.542,987.097,14.120,1.197,239.219,19.992,221195.249,0.000,0.000,0.000,0.000,10.000,0.000,0.000,0.000,0.000,0.033,15.874,0.000,1.264,0.000,0.000,0.000,0.038,16.025,0.000,1.232,0.000,0.000,0.000,0.000,0.000,0.000,0.000,22.000,2.000,2024.000,10.000,49.000,41.000
217.000,102.535,987.100,14.120,1.197,239.203,19.991,221188.036,0.000,0.000,0.000,0.000,10.000,0.000,0.000,0.000,0.000,0.038,15.877,0.000,1.264,0.000,0.000,0.000,0.038,16.025,0.000,1.232,0.000,0.000,0.000,0.000,0.000,0.000,0.000,22.000,2.000,2024.000,10.000,49.000,41.000
217.000,102.535,987.100,14.120,1.197,239.203,19.991,221188.036,0.000,0.000,0.000,0.000,10.000,0.000,0.000,0.000,0.000,0.033,15.887,0.000,1.264,0.000,0.000,0.000,0.038,16.027,0.000,1.232,0.000,0.000,0.000,0.000,0.000,0.000,0.000,22.000,2.000,2024.000,10.000,49.000,41.000
217.000,102.530,987.101,14.120,1.197,239.191,19.991,221182.756,0.000,0.000,0.000,0.000,10.000,0.000,0.000,0.000,0.000,0.038,15.886,0.000,1.260,0.000,0.000,0.000,0.038,16.025,0.000,1.232,0.000,0.000,0.000,0.000,0.000,0.000,0.000,22.000,2.000,2024.000,10.000,49.000,42.000
217.000,102.530,987.101,14.120,1.197,239.191,19.991,221182.756,0.000,0.000,0.000,0.000,10.000,0.000,0.000,0.000,0.000,0.033,15.876,0.000,1.260,0.000,0.000,0.000,0.044,16.001,0.000,1.232,0.000,0.000,0.000,0.000,0.000,0.000,0.000,22.000,2.000,2024.000,10.000,49.000,42.000
217.000,102.531,987.101,14.120,1.197,239.194,19.991,221183.834,0.000,0.000,0.000,0.000,10.000,0.000,0.000,0.000,0.000,0.033,15.876,0.000,1.260,0.000,0.000,0.000,0.038,16.001,0.000,1.232,0.000,0.000,0.000,0.000,0.000,0.000,0.000,22.000,2.000,2024.000,10.000,49.000,42.000
217.000,102.531,987.101,14.120,1.197,239.194,19.991,221183.834,0.000,0.000,0.000,0.000,10.000,0.000,0.000,0.000,0.000,0.033,15.874,0.000,1.260,0.000,0.000,0.000,0.049,16.028,0.000,1.232,0.000,0.000,0.000,0.000,0.000,0.000,0.000,22.000,2.000,2024.000,10.000,49.000,42.000
217.000,102.527,987.099,14.120,1.197,239.184,19.991,221179.296,0.000,0.000,0.000,0.000,10.000,0.000,0.000,0.000,0.000,0.027,15.874,0.000,1.260,0.000,0.000,0.000,0.038,16.028,0.000,1.229,0.000,0.000,0.000,0.000,0.000,0.000,0.000,22.000,2.000,2024.000,10.000,49.000,42.000
217.000,102.527,987.099,14.120,1.197,239.184,19.991,221179.296,0.000,0.000,0.000,0.000,10.000,0.000,0.000,0.000,0.000,0.038,15.875,0.000,1.257,0.000,0.000,0.000,0.033,16.016,0.000,1.229,0.000,0.000,0.000,0.000,0.000,0.000,0.000,22.000,2.000,2024.000,10.000,49.000,42.000
217.000,102.531,987.098,14.120,1.197,239.194,19.991,221183.498,0.000,0.000,0.000,0.000,10.000,0.000,0.000,0.000,0.000,0.033,15.875,0.000,1.257,0.000,0.000,0.000,0.038,16.014,0.000,1.229,0.000,0.000,0.000,0.000,0.000,0.000,0.000,22.000,2.000,2024.000,10.000,49.000,42.000
217.000,102.531,987.098,14.120,1.197,239.194,19.991,221183.498,0.000,0.000,0.000,0.000,10.000,0.000,0.000,0.000,0.000,0.033,15.867,0.000,1.257,0.000,0.000,0.000,0.038,16.008,0.000,1.229,0.000,0.000,0.000,0.000,0.000,0.000,0.000,22.000,2.000,2024.000,10.000,49.000,42.000
217.000,102.526,987.099,14.120,1.197,239.182,19.991,221178.218,0.000,0.000,0.000,0.000,10.000,0.000,0.000,0.000,0.000,0.033,15.865,0.000,1.257,0.000,0.000,0.000,0.038,16.006,0.000,1.229,0.000,0.000,0.000,0.000,0.000,0.000,0.000,22.000,2.000,2024.000,10.000,49.000,42.000
217.000,102.526,987.099,14.120,1.197,239.182,19.991,221178.218,0.000,0.000,0.000,0.000,10.000,0.000,0.000,0.000,0.000,0.033,15.877,0.000,1.257,0.000,0.000,0.000,0.038,16.012,0.000,1.225,0.000,0.000,0.000,0.000,0.000,0.000,0.000,22.000,2.000,2024.000,10.000,49.000,42.000
217.000,102.526,987.099,14.120,1.197,239.182,19.991,221178.218,0.000,0.000,0.000,0.000,10.000,0.000,0.000,0.000,0.000,0.033,15.882,0.000,1.257,0.000,0.000,0.000,0.038,16.014,0.000,1.225,0.000,0.000,0.000,0.000,0.000,0.000,0.000,22.000,2.000,2024.000,10.000,49.000,43.000
217.000,102.525,987.100,14.120,1.197,239.180,19.990,221177.251,0.000,0.000,0.000,0.000,10.000,0.000,0.000,0.000,0.000,0.033,15.890,0.000,1.253,0.000,0.000,0.000,0.033,16.022,0.000,1.225,0.000,0.000,0.000,0.000,0.000,0.000,0.000,22.000,2.000,2024.000,10.000,49.000,43.000
217.000,102.525,987.100,14.120,1.197,239.180,19.990,221177.251,0.000,0.000,0.000,0.000,10.000,0.000,0.000,0.000,0.000,0.033,15.895,0.000,1.253,0.000,0.000,0.000,0.033,16.027,0.000,1.225,0.000,0.000,0.000,0.000,0.000,0.000,0.000,22.000,2.000,2024.000,10.000,49.000,43.000
217.000,102.525,987.102,14.140,1.197,239.180,19.991,221157.803,0.000,0.000,0.000,0.000,10.000,0.000,0.000,0.000,0.000,0.033,15.882,0.000,1.253,0.000,0.000,0.000,0.038,16.011,0.000,1.225,0.000,0.000,0.000,0.000,0.000,0.000,0.000,22.000,2.000,2024.000,10.000,49.000,43.000
217.000,102.525,987.102,14.140,1.197,239.180,19.991,221157.803,0.000,0.000,0.000,0.000,10.000,0.000,0.000,0.000,0.000,0.033,15.870,0.000,1.253,0.000,0.000,0.000,0.038,15.995,0.000,1.225,0.000,0.000,0.000,0.000,0.000,0.000,0.000,22.000,2.000,2024.000,10.000,49.000,43.000
217.000,102.529,987.100,14.120,1.197,239.189,19.991,221181.565,0.000,0.000,0.000,0.000,10.000,0.000,0.000,0.000,0.000,0.038,15.878,0.000,1.250,0.000,0.000,0.000,0.044,15.993,0.000,1.222,0.000,0.000,0.000,0.000,0.000,0.000,0.000,22.000,2.000,2024.000,10.000,49.000,43.000
217.000,102.529,987.100,14.120,1.197,239.189,19.991,221181.565,0.000,0.000,0.000,0.000,10.000,0.000,0.000,0.000,0.000,0.033,15.889,0.000,1.250,0.000,0.000,0.000,0.038,15.989,0.000,1.222,0.000,0.000,0.000,0.000,0.000,0.000,0.000,22.000,2.000,2024.000,10.000,49.000,43.000
217.000,102.536,987.100,14.120,1.197,239.205,19.992,221189.115,0.000,0.000,0.000,0.000,10.000,0.000,0.000,0.000,0.000,0.038,15.882,0.000,1.250,0.000,0.000,0.000,0.038,15.990,0.000,1.222,0.000,0.000,0.000,0.000,0.000,0.000,0.000,22.000,2.000,2024.000,10.000,49.000,43.000
217.000,102.536,987.100,14.120,1.197,239.205,19.992,221189.115,0.000,0.000,0.000,0.000,10.000,0.000,0.000,0.000,0.000,0.033,15.866,0.000,1.250,0.000,0.000,0.000,0.038,15.991,0.000,1.222,0.000,0.000,0.000,0.000,0.000,0.000,0.000,22.000,2.000,2024.000,10.000,49.000,43.000
217.000,102.541,987.100,14.120,1.197,239.217,19.992,221194.507,0.000,0.000,0.000,0.000,10.000,0.000,0.000,0.000,0.000,0.033,15.866,0.000,1.250,0.000,0.000,0.000,0.038,15.997,0.000,1.222,0.000,0.000,0.000,0.000,0.000,0.000,0.000,22.000,2.000,2024.000,10.000,49.000,43.000
217.000,102.541,987.100,14.120,1.197,239.217,19.992,221194.507,0.000,0.000,0.000,0.000,10.000,0.000,0.000,0.000,0.000,0.033,15.865,0.000,1.246,0.000,0.000,0.000,0.033,16.019,0.000,1.222,0.000,0.000,0.000,0.000,0.000,0.000,0.000,22.000,2.000,2024.000,10.000,49.000,44.000
217.000,102.535,987.101,14.120,1.197,239.203,19.991,221188.148,0.000,0.000,0.000,0.000,10.000,0.000,0.000,0.000,0.000,0.033,15.865,0.000,1.246,0.000,0.000,0.000,0.038,16.005,0.000,1.222,0.000,0.000,0.000,0.000,0.000,0.000,0.000,22.000,2.000,2024.000,10.000,49.000,44.000
217.000,102.535,987.101,14.120,1.197,239.203,19.991,221188.148,0.000,0.000,0.000,0.000,10.000,0.000,0.000,0.000,0.000,0.033,15.862,0.000,1.246,0.000,0.000,0.000,0.038,16.005,0.000,1.222,0.000,0.000,0.000,0.000,0.000,0.000,0.000,22.000,2.000,2024.000,10.000,49.000,44.000
217.000,102.535,987.101,14.120,1.197,239.203,19.991,221188.148,0.000,0.000,0.000,0.000,10.000,0.000,0.000,0.000,0.000,0.038,15.862,0.000,1.246,0.000,0.000,0.000,0.038,16.005,0.000,1.222,0.000,0.000,0.000,0.000,0.000,0.000,0.000,22.000,2.000,2024.000,10.000,49.000,44.000
217.000,102.528,987.103,14.120,1.197,239.187,19.991,221180.823,0.000,0.000,0.000,0.000,10.000,0.000,0.000,0.000,0.000,0.033,15.878,0.000,1.246,0.000,0.000,0.000,0.038,16.011,0.000,1.222,0.000,0.000,0.000,0.000,0.000,0.000,0.000,22.000,2.000,2024.000,10.000,49.000,44.000
217.000,102.528,987.103,14.120,1.197,239.187,19.991,221180.823,0.000,0.000,0.000,0.000,10.000,0.000,0.000,0.000,0.000,0.033,15.878,0.000,1.246,0.000,0.000,0.000,0.038,16.011,0.000,1.218,0.000,0.000,0.000,0.000,0.000,0.000,0.000,22.000,2.000,2024.000,10.000,49.000,44.000
217.000,102.523,987.101,14.120,1.197,239.175,19.990,221175.206,0.000,0.000,0.000,0.000,10.000,0.000,0.000,0.000,0.000,0.033,15.861,0.000,1.243,0.000,0.000,0.000,0.038,16.012,0.000,1.218,0.000,0.000,0.000,0.000,0.000,0.000,0.000,22.000,2.000,2024.000,10.000,49.000,44.000
217.000,102.523,987.101,14.120,1.197,239.175,19.990,221175.206,0.000,0.000,0.000,0.000,10.000,0.000,0.000,0.000,0.000,0.033,15.859,0.000,1.243,0.000,0.000,0.000,0.038,16.012,0.000,1.218,0.000,0.000,0.000,0.000,0.000,0.000,0.000,22.000,2.000,2024.000,10.000,49.000,44.000
217.000,102.527,987.102,14.120,1.197,239.184,19.991,221179.632,0.000,0.000,0.000,0.000,10.000,0.000,0.000,0.000,0.000,0.038,15.853,0.000,1.243,0.000,0.000,0.000,0.044,15.999,0.000,1.218,0.000,0.000,0.000,0.000,0.000,0.000,0.000,22.000,2.000,2024.000,10.000,49.000,44.000
217.000,102.527,987.102,14.120,1.197,239.184,19.991,221179.632,0.000,0.000,0.000,0.000,10.000,0.000,0.000,0.000,0.000,0.033,15.851,0.000,1.243,0.000,0.000,0.000,0.033,15.996,0.000,1.215,0.000,0.000,0.000,0.000,0.000,0.000,0.000,22.000,2.000,2024.000,10.000,49.000,44.000
217.000,102.533,987.100,14.120,1.197,239.198,19.991,221185.879,0.000,0.000,0.000,0.000,10.000,0.000,0.000,0.000,0.000,0.033,15.849,0.000,1.243,0.000,0.000,0.000,0.038,15.989,0.000,1.215,0.000,0.000,0.000,0.000,0.000,0.000,0.000,22.000,2.000,2024.000,10.000,49.000,45.000
217.000,102.533,987.100,14.120,1.197,239.198,19.991,221185.879,0.000,0.000,0.000,0.000,10.000,0.000,0.000,0.000,0.000,0.038,15.848,0.000,1.239,0.000,0.000,0.000,0.033,15.987,0.000,1.215,0.000,0.000,0.000,0.000,0.000,0.000,0.000,22.000,2.000,2024.000,10.000,49.000,45.000
217.000,102.533,987.100,14.120,1.197,239.198,19.991,221185.879,0.000,0.000,0.000,0.000,10.000,0.000,0.000,0.000,0.000,0.038,15.855,0.000,1.239,0.000,0.000,0.000,0.038,15.997,0.000,1.215,0.000,0.000,0.000,0.000,0.000,0.000,0.000,22.000,2.000,2024.000,10.000,49.000,45.000
217.000,102.534,987.098,14.120,1.197,239.201,19.991,221186.734,0.000,0.000,0.000,0.000,10.000,0.000,0.000,0.000,0.000,0.033,15.859,0.000,1.239,0.000,0.000,0.000,0.038,16.004,0.000,1.215,0.000,0.000,0.000,0.000,0.000,0.000,0.000,22.000,2.000,2024.000,10.000,49.000,45.000
217.000,102.534,987.098,14.120,1.197,239.201,19.991,221186.734,0.000,0.000,0.000,0.000,10.000,0.000,0.000,0.000,0.000,0.033,15.849,0.000,1.239,0.000,0.000,0.000,0.038,15.997,0.000,1.215,0.000,0.000,0.000,0.000,0.000,0.000,0.000,22.000,2.000,2024.000,10.000,49.000,45.000
217.000,102.534,987.099,14.120,1.197,239.201,19.991,221186.846,0.000,0.000,0.000,0.000,10.000,0.000,0.000,0.000,0.000,0.033,15.838,0.000,1.239,0.000,0.000,0.000,0.038,15.990,0.000,1.215,0.000,0.000,0.000,0.000,0.000,0.000,0.000,22.000,2.000,2024.000,10.000,49.000,45.000
217.000,102.534,987.099,14.120,1.197,239.201,19.991,221186.846,0.000,0.000,0.000,0.000,10.000,0.000,0.000,0.000,0.000,0.033,15.838,0.000,1.236,0.000,0.000,0.000,0.044,15.989,0.000,1.215,0.000,0.000,0.000,0.000,0.000,0.000,0.000,22.000,2.000,2024.000,10.000,49.000,45.000
217.000,102.546,987.098,14.120,1.197,239.229,19.993,221199.675,0.000,0.000,0.000,0.000,10.000,0.000,0.000,0.000,0.000,0.033,15.839,0.000,1.236,0.000,0.000,0.000,0.038,15.987,0.000,1.215,0.000,0.000,0.000,0.000,0.000,0.000,0.000,22.000,2.000,2024.000,10.000,49.000,45.000
217.000,102.546,987.098,14.120,1.197,239.229,19.993,221199.675,0.000,0.000,0.000,0.000,10.000,0.000,0.000,0.000,0.000,0.033,15.846,0.000,1.236,0.000,0.000,0.000,0.038,15.991,0.000,1.215,0.000,0.000,0.000,0.000,0.000,0.000,0.000,22.000,2.000,2024.000,10.000,49.000,45.000
217.000,102.545,987.097,14.120,1.197,239.226,19.992,221198.484,0.000,0.000,0.000,0.000,10.000,0.000,0.000,0.000,0.000,0.033,15.863,0.000,1.236,0.000,0.000,0.000,0.038,16.000,0.000,1.215,0.000,0.000,0.000,0.000,0.000,0.000,0.000,22.000,2.000,2024.000,10.000,49.000,45.000
217.000,102.545,987.097,14.120,1.197,239.226,19.992,221198.484,0.000,0.000,0.000,0.000,10.000,0.000,0.000,0.000,0.000,0.038,15.859,0.000,1.236,0.000,0.000,0.000,0.038,15.999,0.000,1.211,0.000,0.000,0.000,0.000,0.000,0.000,0.000,22.000,2.000,2024.000,10.000,49.000,46.000
217.000,102.557,987.096,14.140,1.197,239.254,19.994,221191.638,0.000,0.000,0.000,0.000,10.000,0.000,0.000,0.000,0.000,0.038,15.843,0.000,1.232,0.000,0.000,0.000,0.038,15.996,0.000,1.211,0.000,0.000,0.000,0.000,0.000,0.000,0.000,22.000,2.000,2024.000,10.000,49.000,46.000
217.000,102.557,987.096,14.140,1.197,239.254,19.994,221191.638,0.000,0.000,0.000,0.000,10.000,0.000,0.000,0.000,0.000,0.038,15.844,0.000,1.232,0.000,0.000,0.000,0.044,15.995,0.000,1.211,0.000,0.000,0.000,0.000,0.000,0.000,0.000,22.000,2.000,2024.000,10.000,49.000,46.000
217.000,102.557,987.096,14.140,1.197,239.254,19.994,221191.638,0.000,0.000,0.000,0.000,10.000,0.000,0.000,0.000,0.000,0.038,15.849,0.000,1.232,0.000,0.000,0.000,0.038,15.983,0.000,1.211,0.000,0.000,0.000,0.000,0.000,0.000,0.000,22.000,2.000,2024.000,10.000,49.000,46.000
217.000,102.557,987.095,14.140,1.197,239.254,19.994,221191.526,0.000,0.000,0.000,0.000,10.000,0.000,0.000,0.000,0.000,0.038,15.849,0.000,1.232,0.000,0.000,0.000,0.033,15.983,0.000,1.211,0.000,0.000,0.000,0.000,0.000,0.000,0.000,22.000,2.000,2024.000,10.000,49.000,46.000
217.000,102.557,987.095,14.140,1.197,239.254,19.994,221191.526,0.000,0.000,0.000,0.000,10.000,0.000,0.000,0.000,0.000,0.033,15.840,0.000,1.232,0.000,0.000,0.000,0.044,15.993,0.000,1.211,0.000,0.000,0.000,0.000,0.000,0.000,0.000,22.000,2.000,2024.000,10.000,49.000,46.000
217.000,102.559,987.097,14.120,1.197,239.259,19.994,221213.582,0.000,0.000,0.000,0.000,10.000,0.000,0.000,0.000,0.000,0.033,15.840,0.000,1.229,0.000,0.000,0.000,0.038,15.993,0.000,1.211,0.000,0.000,0.000,0.000,0.000,0.000,0.000,22.000,2.000,2024.000,10.000,49.000,46.000
217.000,102.559,987.097,14.120,1.197,239.259,19.994,221213.582,0.000,0.000,0.000,0.000,10.000,0.000,0.000,0.000,0.000,0.033,15.842,0.000,1.229,0.000,0.000,0.000,0.038,15.969,0.000,1.211,0.000,0.000,0.000,0.000,0.000,0.000,0.000,22.000,2.000,2024.000,10.000,49.000,46.000
217.000,102.557,987.101,14.120,1.197,239.254,19.994,221211.873,0.000,0.000,0.000,0.000,10.000,0.000,0.000,0.000,0.000,0.033,15.843,0.000,1.229,0.000,0.000,0.000,0.038,15.966,0.000,1.208,0.000,0.000,0.000,0.000,0.000,0.000,0.000,22.000,2.000,2024.000,10.000,49.000,46.000
217.000,102.557,987.101,14.120,1.197,239.254,19.994,221211.873,0.000,0.000,0.000,0.000,10.000,0.000,0.000,0.000,0.000,0.033,15.842,0.000,1.229,0.000,0.000,0.000,0.044,15.977,0.000,1.208,0.000,0.000,0.000,0.000,0.000,0.000,0.000,22.000,2.000,2024.000,10.000,49.000,46.000
217.000,102.554,987.100,14.120,1.197,239.247,19.993,221208.526,0.000,0.000,0.000,0.000,10.000,0.000,0.000,0.000,0.000,0.038,15.842,0.000,1.229,0.000,0.000,0.000,0.038,15.980,0.000,1.208,0.000,0.000,0.000,0.000,0.000,0.000,0.000,22.000,2.000,2024.000,10.000,49.000,47.000
217.000,102.554,987.100,14.120,1.197,239.247,19.993,221208.526,0.000,0.000,0.000,0.000,10.000,0.000,0.000,0.000,0.000,0.033,15.825,0.000,1.225,0.000,0.000,0.000,0.044,15.984,0.000,1.208,0.000,0.000,0.000,0.000,0.000,0.000,0.000,22.000,2.000,2024.000,10.000,49.000,47.000
217.000,102.552,987.102,14.120,1.197,239.243,19.993,221206.593,0.000,0.000,0.000,0.000,10.000,0.000,0.000,0.000,0.000,0.038,15.818,0.000,1.225,0.000,0.000,0.000,0.038,15.986,0.000,1.208,0.000,0.000,0.000,0.000,0.000,0.000,0.000,22.000,2.000,2024.000,10.000,49.000,47.000
217.000,102.552,987.102,14.120,1.197,239.243,19.993,221206.593,0.000,0.000,0.000,0.000,10.000,0.000,0.000,0.000,0.000,0.033,15.852,0.000,1.225,0.000,0.000,0.000,0.044,15.984,0.000,1.204,0.000,0.000,0.000,0.000,0.000,0.000,0.000,22.000,2.000,2024.000,10.000,49.000,47.000
217.000,102.552,987.102,14.120,1.197,239.243,19.993,221206.593,0.000,0.000,0.000,0.000,10.000,0.000,0.000,0.000,0.000,0.038,15.875,0.000,1.225,0.000,0.000,0.000,0.038,15.983,0.000,1.204,0.000,0.000,0.000,0.000,0.000,0.000,0.000,22.000,2.000,2024.000,10.000,49.000,47.000
217.000,102.560,987.103,14.120,1.197,239.261,19.994,221215.332,0.000,0.000,0.000,0.000,10.000,0.000,0.000,0.000,0.000,0.033,15.866,0.000,1.222,0.000,0.000,0.000,0.038,15.984,0.000,1.204,0.000,0.000,0.000,0.000,0.000,0.000,0.000,22.000,2.000,2024.000,10.000,49.000,47.000
217.000,102.560,987.103,14.120,1.197,239.261,19.994,221215.332,0.000,0.000,0.000,0.000,10.000,0.000,0.000,0.000,0.000,0.038,15.858,0.000,1.222,0.000,0.000,0.000,0.038,15.985,0.000,1.204,0.000,0.000,0.000,0.000,0.000,0.000,0.000,22.000,2.000,2024.000,10.000,49.000,47.000
217.000,102.568,987.099,14.120,1.197,239.280,19.995,221223.511,0.000,0.000,0.000,0.000,10.000,0.000,0.000,0.000,0.000,0.033,15.853,0.000,1.222,0.000,0.000,0.000,0.044,15.981,0.000,1.204,0.000,0.000,0.000,0.000,0.000,0.000,0.000,22.000,2.000,2024.000,10.000,49.000,47.000
217.000,102.568,987.099,14.120,1.197,239.280,19.995,221223.511,0.000,0.000,0.000,0.000,10.000,0.000,0.000,0.000,0.000,0.038,15.846,0.000,1.222,0.000,0.000,0.000,0.044,15.975,0.000,1.204,0.000,0.000,0.000,0.000,0.000,0.000,0.000,22.000,2.000,2024.000,10.000,49.000,47.000
217.000,102.564,987.096,14.140,1.197,239.271,19.995,221199.186,0.000,0.000,0.000,0.000,10.000,0.000,0.000,0.000,0.000,0.038,15.848,0.000,1.222,0.000,0.000,0.000,0.044,15.981,0.000,1.204,0.000,0.000,0.000,0.000,0.000,0.000,0.000,22.000,2.000,2024.000,10.000,49.000,47.000
217.000,102.564,987.096,14.140,1.197,239.271,19.995,221199.186,0.000,0.000,0.000,0.000,10.000,0.000,0.000,0.000,0.000,0.033,15.854,0.000,1.222,0.000,0.000,0.000,0.038,15.993,0.000,1.204,0.000,0.000,0.000,0.000,0.000,0.000,0.000,22.000,2.000,2024.000,10.000,49.000,48.000
217.000,102.561,987.096,14.120,1.197,239.264,19.994,221215.626,0.000,0.000,0.000,0.000,10.000,0.000,0.000,0.000,0.000,0.033,15.854,0.000,1.218,0.000,0.000,0.000,0.038,15.991,0.000,1.204,0.000,0.000,0.000,0.000,0.000,0.000,0.000,22.000,2.000,2024.000,10.000,49.000,48.000
217.000,102.561,987.096,14.120,1.197,239.264,19.994,221215.626,0.000,0.000,0.000,0.000,10.000,0.000,0.000,0.000,0.000,0.033,15.855,0.000,1.218,0.000,0.000,0.000,0.038,15.981,0.000,1.204,0.000,0.000,0.000,0.000,0.000,0.000,0.000,22.000,2.000,2024.000,10.000,49.000,48.000
217.000,102.560,987.097,14.140,1.197,239.261,19.995,221194.985,0.000,0.000,0.000,0.000,10.000,0.000,0.000,0.000,0.000,0.033,15.852,0.000,1.218,0.000,0.000,0.000,0.044,15.981,0.000,1.204,0.000,0.000,0.000,0.000,0.000,0.000,0.000,22.000,2.000,2024.000,10.000,49.000,48.000
217.000,102.560,987.097,14.140,1.197,239.261,19.995,221194.985,0.000,0.000,0.000,0.000,10.000,0.000,0.000,0.000,0.000,0.033,15.830,0.000,1.218,0.000,0.000,0.000,0.038,15.979,0.000,1.201,0.000,0.000,0.000,0.000,0.000,0.000,0.000,22.000,2.000,2024.000,10.000,49.000,48.000
217.000,102.560,987.097,14.140,1.197,239.261,19.995,221194.985,0.000,0.000,0.000,0.000,10.000,0.000,0.000,0.000,0.000,0.033,15.830,0.000,1.218,0.000,0.000,0.000,0.044,15.979,0.000,1.201,0.000,0.000,0.000,0.000,0.000,0.000,0.000,22.000,2.000,2024.000,10.000,49.000,48.000
217.000,102.560,987.097,14.120,1.197,239.261,19.994,221214.660,0.000,0.000,0.000,0.000,10.000,0.000,0.000,0.000,0.000,0.033,15.852,0.000,1.215,0.000,0.000,0.000,0.038,15.992,0.000,1.201,0.000,0.000,0.000,0.000,0.000,0.000,0.000,22.000,2.000,2024.000,10.000,49.000,48.000
217.000,102.560,987.097,14.120,1.197,239.261,19.994,221214.660,0.000,0.000,0.000,0.000,10.000,0.000,0.000,0.000,0.000,0.033,15.852,0.000,1.215,0.000,0.000,0.000,0.038,15.992,0.000,1.201,0.000,0.000,0.000,0.000,0.000,0.000,0.000,22.000,2.000,2024.000,10.000,49.000,48.000
217.000,102.557,987.098,14.140,1.197,239.254,19.994,221191.862,0.000,0.000,0.000,0.000,10.000,0.000,0.000,0.000,0.000,0.033,15.846,0.000,1.215,0.000,0.000,0.000,0.044,15.992,0.000,1.201,0.000,0.000,0.000,0.000,0.000,0.000,0.000,22.000,2.000,2024.000,10.000,49.000,48.000
217.000,102.557,987.098,14.140,1.197,239.254,19.994,221191.862,0.000,0.000,0.000,0.000,10.000,0.000,0.000,0.000,0.000,0.038,15.845,0.000,1.215,0.000,0.000,0.000,0.044,15.992,0.000,1.201,0.000,0.000,0.000,0.000,0.000,0.000,0.000,22.000,2.000,2024.000,10.000,49.000,48.000
217.000,102.548,987.097,14.120,1.197,239.233,19.993,221201.720,0.000,0.000,0.000,0.000,10.000,0.000,0.000,0.000,0.000,0.033,15.832,0.000,1.215,0.000,0.000,0.000,0.038,15.982,0.000,1.201,0.000,0.000,0.000,0.000,0.000,0.000,0.000,22.000,2.000,2024.000,10.000,49.000,49.000
217.000,102.548,987.097,14.120,1.197,239.233,19.993,221201.720,0.000,0.000,0.000,0.000,10.000,0.000,0.000,0.000,0.000,0.038,15.829,0.000,1.215,0.000,0.000,0.000,0.038,15.980,0.000,1.197,0.000,0.000,0.000,0.000,0.000,0.000,0.000,22.000,2.000,2024.000,10.000,49.000,49.000
217.000,102.533,987.100,14.120,1.197,239.198,19.991,221185.879,0.000,0.000,0.000,0.000,10.000,0.000,0.000,0.000,0.000,0.038,15.838,0.000,1.211,0.000,0.000,0.000,0.038,15.959,0.000,1.197,0.000,0.000,0.000,0.000,0.000,0.000,0.000,22.000,2.000,2024.000,10.000,49.000,49.000
217.000,102.533,987.100,14.120,1.197,239.198,19.991,221185.879,0.000,0.000,0.000,0.000,10.000,0.000,0.000,0.000,0.000,0.033,15.842,0.000,1.211,0.000,0.000,0.000,0.038,15.950,0.000,1.197,0.000,0.000,0.000,0.000,0.000,0.000,0.000,22.000,2.000,2024.000,10.000,49.000,49.000
217.000,102.541,987.100,14.120,1.197,239.217,19.992,221194.507,0.000,0.000,0.000,0.000,10.000,0.000,0.000,0.000,0.000,0.038,15.846,0.000,1.211,0.000,0.000,0.000,0.044,15.958,0.000,1.197,0.000,0.000,0.000,0.000,0.000,0.000,0.000,22.000,2.000,2024.000,10.000,49.000,49.000
217.000,102.541,987.100,14.120,1.197,239.217,19.992,221194.507,0.000,0.000,0.000,0.000,10.000,0.000,0.000,0.000,0.000,0.038,15.848,0.000,1.211,0.000,0.000,0.000,0.038,15.963,0.000,1.197,0.000,0.000,0.000,0.000,0.000,0.000,0.000,22.000,2.000,2024.000,10.000,49.000,49.000
217.000,102.541,987.100,14.120,1.197,239.217,19.992,221194.507,0.000,0.000,0.000,0.000,10.000,0.000,0.000,0.000,0.000,0.033,15.855,0.000,1.208,0.000,0.000,0.000,0.038,15.960,0.000,1.197,0.000,0.000,0.000,0.000,0.000,0.000,0.000,22.000,2.000,2024.000,10.000,49.000,49.000
217.000,102.555,987.101,14.120,1.197,239.250,19.993,221209.717,0.000,0.000,0.000,0.000,10.000,0.000,0.000,0.000,0.000,0.038,15.862,0.000,1.208,0.000,0.000,0.000,0.044,15.958,0.000,1.197,0.000,0.000,0.000,0.000,0.000,0.000,0.000,22.000,2.000,2024.000,10.000,49.000,49.000
217.000,102.555,987.101,14.120,1.197,239.250,19.993,221209.717,0.000,0.000,0.000,0.000,10.000,0.000,0.000,0.000,0.000,0.033,15.854,0.000,1.208,0.000,0.000,0.000,0.038,15.963,0.000,1.194,0.000,0.000,0.000,0.000,0.000,0.000,0.000,22.000,2.000,2024.000,10.000,49.000,49.000
217.000,102.550,987.100,14.120,1.197,239.238,19.993,221204.213,0.000,0.000,0.000,0.000,10.000,0.000,0.000,0.000,0.000,0.033,15.843,0.000,1.208,0.000,0.000,0.000,0.033,15.970,0.000,1.194,0.000,0.000,0.000,0.000,0.000,0.000,0.000,22.000,2.000,2024.000,10.000,49.000,49.000
217.000,102.550,987.100,14.120,1.197,239.238,19.993,221204.213,0.000,0.000,0.000,0.000,10.000,0.000,0.000,0.000,0.000,0.038,15.838,0.000,1.208,0.000,0.000,0.000,0.038,15.972,0.000,1.197,0.000,0.000,0.000,0.000,0.000,0.000,0.000,22.000,2.000,2024.000,10.000,49.000,50.000
217.000,102.552,987.098,14.120,1.197,239.243,19.993,221206.145,0.000,0.000,0.000,0.000,10.000,0.000,0.000,0.000,0.000,0.038,15.825,0.000,1.208,0.000,0.000,0.000,0.033,15.977,0.000,1.194,0.000,0.000,0.000,0.000,0.000,0.000,0.000,22.000,2.000,2024.000,10.000,49.000,50.000
217.000,102.552,987.098,14.120,1.197,239.243,19.993,221206.145,0.000,0.000,0.000,0.000,10.000,0.000,0.000,0.000,0.000,0.033,15.827,0.000,1.204,0.000,0.000,0.000,0.038,15.976,0.000,1.194,0.000,0.000,0.000,0.000,0.000,0.000,0.000,22.000,2.000,2024.000,10.000,49.000,50.000
