226.000,407.717,986.990,14.740,1.194,955.383,39.998,440805.315,0.000,0.000,0.000,0.000,0.005,0.000,0.000,0.000,0.000,0.027,14.942,0.000,0.000,0.000,0.000,0.000,0.044,15.023,0.000,0.206,0.000,0.000,0.000,0.000,0.000,0.000,0.000,22.000,2.000,2024.000,11.000,3.000,58.000
226.000,407.732,986.991,14.740,1.194,955.419,39.999,440813.708,0.000,0.000,0.000,0.000,0.005,0.000,0.000,0.000,0.000,0.027,14.942,0.000,0.000,0.000,0.000,0.000,0.033,15.017,0.000,0.206,0.000,0.000,0.000,0.000,0.000,0.000,0.000,22.000,2.000,2024.000,11.000,3.000,58.000
226.000,407.732,986.991,14.740,1.194,955.419,39.999,440813.708,0.000,0.000,0.000,0.000,0.005,0.000,0.000,0.000,0.000,0.027,14.944,0.000,0.000,0.000,0.000,0.000,0.038,15.008,0.000,0.206,0.000,0.000,0.000,0.000,0.000,0.000,0.000,22.000,2.000,2024.000,11.000,3.000,58.000
226.000,407.718,986.989,14.740,1.194,955.386,39.998,440805.637,0.000,0.000,0.000,0.000,0.005,0.000,0.000,0.000,0.000,0.027,14.950,0.000,0.000,0.000,0.000,0.000,0.038,15.018,0.000,0.206,0.000,0.000,0.000,0.000,0.000,0.000,0.000,22.000,2.000,2024.000,11.000,3.000,58.000
226.000,407.718,986.989,14.740,1.194,955.386,39.998,440805.637,0.000,0.000,0.000,0.000,0.005,0.000,0.000,0.000,0.000,0.033,14.966,0.000,0.000,0.000,0.000,0.000,0.038,15.041,0.000,0.206,0.000,0.000,0.000,0.000,0.000,0.000,0.000,22.000,2.000,2024.000,11.000,3.000,58.000
226.000,407.718,986.989,14.740,1.194,955.386,39.998,440805.637,0.000,0.000,0.000,0.000,0.005,0.000,0.000,0.000,0.000,0.027,14.959,0.000,0.000,0.000,0.000,0.000,0.038,15.040,0.000,0.206,0.000,0.000,0.000,0.000,0.000,0.000,0.000,22.000,2.000,2024.000,11.000,3.000,58.000
226.000,407.707,986.988,14.740,1.194,955.360,39.998,440799.422,0.000,0.000,0.000,0.000,0.005,0.000,0.000,0.000,0.000,0.027,14.931,0.000,0.000,0.000,0.000,0.000,0.038,15.037,0.000,0.206,0.000,0.000,0.000,0.000,0.000,0.000,0.000,22.000,2.000,2024.000,11.000,3.000,58.000
226.000,407.707,986.988,14.740,1.194,955.360,39.998,440799.422,0.000,0.000,0.000,0.000,0.005,0.000,0.000,0.000,0.000,0.027,14.934,0.000,0.000,0.000,0.000,0.000,0.038,15.036,0.000,0.206,0.000,0.000,0.000,0.000,0.000,0.000,0.000,22.000,2.000,2024.000,11.000,3.000,58.000
226.000,407.682,986.988,14.740,1.194,955.301,39.997,440785.806,0.000,0.000,0.000,0.000,0.005,0.000,0.000,0.000,0.000,0.027,14.960,0.000,0.000,0.000,0.000,0.000,0.038,15.035,0.000,0.206,0.000,0.000,0.000,0.000,0.000,0.000,0.000,22.000,2.000,2024.000,11.000,3.000,58.000
226.000,407.682,986.988,14.740,1.194,955.301,39.997,440785.806,0.000,0.000,0.000,0.000,0.005,0.000,0.000,0.000,0.000,0.033,14.960,0.000,0.000,0.000,0.000,0.000,0.038,15.035,0.000,0.206,0.000,0.000,0.000,0.000,0.000,0.000,0.000,22.000,2.000,2024.000,11.000,3.000,59.000
226.000,407.674,986.989,14.740,1.194,955.282,39.996,440781.672,0.000,0.000,0.000,0.000,0.005,0.000,0.000,0.000,0.000,0.027,14.940,0.000,0.000,0.000,0.000,0.000,0.038,15.049,0.000,0.206,0.000,0.000,0.000,0.000,0.000,0.000,0.000,22.000,2.000,2024.000,11.000,3.000,59.000
226.000,407.674,986.989,14.740,1.194,955.282,39.996,440781.672,0.000,0.000,0.000,0.000,0.005,0.000,0.000,0.000,0.000,0.027,14.940,0.000,0.000,0.000,0.000,0.000,0.033,15.049,0.000,0.206,0.000,0.000,0.000,0.000,0.000,0.000,0.000,22.000,2.000,2024.000,11.000,3.000,59.000
226.000,407.676,986.987,14.740,1.194,955.287,39.996,440782.315,0.000,0.000,0.000,0.000,0.005,0.000,0.000,0.000,0.000,0.027,14.960,0.000,0.000,0.000,0.000,0.000,0.033,15.021,0.000,0.206,0.000,0.000,0.000,0.000,0.000,0.000,0.000,22.000,2.000,2024.000,11.000,3.000,59.000
226.000,407.676,986.987,14.740,1.194,955.287,39.996,440782.315,0.000,0.000,0.000,0.000,0.005,0.000,0.000,0.000,0.000,0.033,14.963,0.000,0.000,0.000,0.000,0.000,0.033,15.018,0.000,0.206,0.000,0.000,0.000,0.000,0.000,0.000,0.000,22.000,2.000,2024.000,11.000,3.000,59.000
226.000,407.696,986.988,14.760,1.194,955.334,39.999,440754.324,0.000,0.000,0.000,0.000,0.005,0.000,0.000,0.000,0.000,0.027,14.936,0.000,0.000,0.000,0.000,0.000,0.044,15.029,0.000,0.206,0.000,0.000,0.000,0.000,0.000,0.000,0.000,22.000,2.000,2024.000,11.000,3.000,59.000
226.000,407.696,986.988,14.760,1.194,955.334,39.999,440754.324,0.000,0.000,0.000,0.000,0.005,0.000,0.000,0.000,0.000,0.027,14.930,0.000,0.000,0.000,0.000,0.000,0.038,15.032,0.000,0.206,0.000,0.000,0.000,0.000,0.000,0.000,0.000,22.000,2.000,2024.000,11.000,3.000,59.000
226.000,407.724,986.988,14.760,1.194,955.400,40.000,440769.573,0.000,0.000,0.000,0.000,0.005,0.000,0.000,0.000,0.000,0.027,14.949,0.000,0.000,0.000,0.000,0.000,0.038,15.023,0.000,0.206,0.000,0.000,0.000,0.000,0.000,0.000,0.000,22.000,2.000,2024.000,11.000,3.000,59.000
226.000,407.724,986.988,14.760,1.194,955.400,40.000,440769.573,0.000,0.000,0.000,0.000,0.005,0.000,0.000,0.000,0.000,0.027,14.958,0.000,0.000,0.000,0.000,0.000,0.038,15.019,0.000,0.206,0.000,0.000,0.000,0.000,0.000,0.000,0.000,22.000,2.000,2024.000,11.000,3.000,59.000
226.000,407.724,986.988,14.760,1.194,955.400,40.000,440769.573,0.000,0.000,0.000,0.000,0.005,0.000,0.000,0.000,0.000,0.033,14.960,0.000,0.000,0.000,0.000,0.000,0.033,15.029,0.000,0.206,0.000,0.000,0.000,0.000,0.000,0.000,0.000,22.000,2.000,2024.000,11.000,3.000,59.000
226.000,407.740,986.987,14.760,1.194,955.438,40.001,440778.063,0.000,0.000,0.000,0.000,0.005,0.000,0.000,0.000,0.000,0.027,14.962,0.000,0.000,0.000,0.000,0.000,0.038,15.036,0.000,0.206,0.000,0.000,0.000,0.000,0.000,0.000,0.000,22.000,2.000,2024.000,11.000,4.000,0.000
226.000,407.740,986.987,14.760,1.194,955.438,40.001,440778.063,0.000,0.000,0.000,0.000,0.005,0.000,0.000,0.000,0.000,0.033,14.960,0.000,0.000,0.000,0.000,0.000,0.033,15.025,0.000,0.206,0.000,0.000,0.000,0.000,0.000,0.000,0.000,22.000,2.000,2024.000,11.000,4.000,0.000
226.000,407.772,986.984,14.760,1.194,955.513,40.003,440794.819,0.000,0.000,0.000,0.000,0.005,0.000,0.000,0.000,0.000,0.027,14.958,0.000,0.000,0.000,0.000,0.000,0.038,15.013,0.000,0.206,0.000,0.000,0.000,0.000,0.000,0.000,0.000,22.000,2.000,2024.000,11.000,4.000,0.000
226.000,407.772,986.984,14.760,1.194,955.513,40.003,440794.819,0.000,0.000,0.000,0.000,0.005,0.000,0.000,0.000,0.000,0.027,14.949,0.000,0.000,0.000,0.000,0.000,0.033,15.025,0.000,0.206,0.000,0.000,0.000,0.000,0.000,0.000,0.000,22.000,2.000,2024.000,11.000,4.000,0.000
226.000,407.796,986.984,14.760,1.194,955.570,40.004,440807.888,0.000,0.000,0.000,0.000,0.005,0.000,0.000,0.000,0.000,0.033,14.936,0.000,0.000,0.000,0.000,0.000,0.038,15.043,0.000,0.206,0.000,0.000,0.000,0.000,0.000,0.000,0.000,22.000,2.000,2024.000,11.000,4.000,0.000
226.000,407.796,986.984,14.760,1.194,955.570,40.004,440807.888,0.000,0.000,0.000,0.000,0.005,0.000,0.000,0.000,0.000,0.027,14.936,0.000,0.000,0.000,0.000,0.000,0.038,15.041,0.000,0.206,0.000,0.000,0.000,0.000,0.000,0.000,0.000,22.000,2.000,2024.000,11.000,4.000,0.000
226.000,407.824,986.985,14.760,1.194,955.636,40.005,440823.358,0.000,0.000,0.000,0.000,0.005,0.000,0.000,0.000,0.000,0.027,14.937,0.000,0.000,0.000,0.000,0.000,0.033,15.038,0.000,0.206,0.000,0.000,0.000,0.000,0.000,0.000,0.000,22.000,2.000,2024.000,11.000,4.000,0.000
226.000,407.824,986.985,14.760,1.194,955.636,40.005,440823.358,0.000,0.000,0.000,0.000,0.005,0.000,0.000,0.000,0.000,0.027,14.933,0.000,0.000,0.000,0.000,0.000,0.033,15.039,0.000,0.206,0.000,0.000,0.000,0.000,0.000,0.000,0.000,22.000,2.000,2024.000,11.000,4.000,0.000
226.000,407.824,986.985,14.760,1.194,955.636,40.005,440823.358,0.000,0.000,0.000,0.000,0.005,0.000,0.000,0.000,0.000,0.027,14.917,0.000,0.000,0.000,0.000,0.000,0.033,15.042,0.000,0.206,0.000,0.000,0.000,0.000,0.000,0.000,0.000,22.000,2.000,2024.000,11.000,4.000,0.000
226.000,407.843,986.989,14.760,1.194,955.681,40.006,440834.597,0.000,0.000,0.000,0.000,0.005,0.000,0.000,0.000,0.000,0.033,14.918,0.000,0.000,0.000,0.000,0.000,0.038,15.040,0.000,0.206,0.000,0.000,0.000,0.000,0.000,0.000,0.000,22.000,2.000,2024.000,11.000,4.000,0.000
226.000,407.843,986.989,14.760,1.194,955.681,40.006,440834.597,0.000,0.000,0.000,0.000,0.005,0.000,0.000,0.000,0.000,0.033,14.927,0.000,0.000,0.000,0.000,0.000,0.038,15.017,0.000,0.206,0.000,0.000,0.000,0.000,0.000,0.000,0.000,22.000,2.000,2024.000,11.000,4.000,1.000
226.000,407.857,986.990,14.760,1.194,955.714,40.007,440842.444,0.000,0.000,0.000,0.000,0.005,0.000,0.000,0.000,0.000,0.027,14.927,0.000,0.000,0.000,0.000,0.000,0.038,15.017,0.000,0.206,0.000,0.000,0.000,0.000,0.000,0.000,0.000,22.000,2.000,2024.000,11.000,4.000,1.000
226.000,407.857,986.990,14.760,1.194,955.714,40.007,440842.444,0.000,0.000,0.000,0.000,0.005,0.000,0.000,0.000,0.000,0.027,14.942,0.000,0.000,0.000,0.000,0.000,0.033,15.044,0.000,0.206,0.000,0.000,0.000,0.000,0.000,0.000,0.000,22.000,2.000,2024.000,11.000,4.000,1.000
226.000,407.872,986.988,14.760,1.194,955.749,40.007,440850.164,0.000,0.000,0.000,0.000,0.005,0.000,0.000,0.000,0.000,0.027,14.942,0.000,0.000,0.000,0.000,0.000,0.033,15.044,0.000,0.206,0.000,0.000,0.000,0.000,0.000,0.000,0.000,22.000,2.000,2024.000,11.000,4.000,1.000
226.000,407.872,986.988,14.760,1.194,955.749,40.007,440850.164,0.000,0.000,0.000,0.000,0.005,0.000,0.000,0.000,0.000,0.027,14.952,0.000,0.000,0.000,0.000,0.000,0.033,15.026,0.000,0.206,0.000,0.000,0.000,0.000,0.000,0.000,0.000,22.000,2.000,2024.000,11.000,4.000,1.000
226.000,407.873,986.985,14.760,1.194,955.752,40.008,440850.039,0.000,0.000,0.000,0.000,0.005,0.000,0.000,0.000,0.000,0.027,14.953,0.000,0.000,0.000,0.000,0.000,0.027,15.024,0.000,0.206,0.000,0.000,0.000,0.000,0.000,0.000,0.000,22.000,2.000,2024.000,11.000,4.000,1.000
226.000,407.873,986.985,14.760,1.194,955.752,40.008,440850.039,0.000,0.000,0.000,0.000,0.005,0.000,0.000,0.000,0.000,0.027,14.931,0.000,0.000,0.000,0.000,0.000,0.033,15.021,0.000,0.206,0.000,0.000,0.000,0.000,0.000,0.000,0.000,22.000,2.000,2024.000,11.000,4.000,1.000
226.000,407.877,986.984,14.760,1.194,955.761,40.008,440851.993,0.000,0.000,0.000,0.000,0.005,0.000,0.000,0.000,0.000,0.027,14.926,0.000,0.000,0.000,0.000,0.000,0.038,15.021,0.000,0.206,0.000,0.000,0.000,0.000,0.000,0.000,0.000,22.000,2.000,2024.000,11.000,4.000,1.000
226.000,407.877,986.984,14.760,1.194,955.761,40.008,440851.993,0.000,0.000,0.000,0.000,0.005,0.000,0.000,0.000,0.000,0.027,14.937,0.000,0.000,0.000,0.000,0.000,0.033,15.024,0.000,0.206,0.000,0.000,0.000,0.000,0.000,0.000,0.000,22.000,2.000,2024.000,11.000,4.000,1.000
226.000,407.877,986.984,14.760,1.194,955.761,40.008,440851.993,0.000,0.000,0.000,0.000,0.005,0.000,0.000,0.000,0.000,0.027,14.942,0.000,0.000,0.000,0.000,0.000,0.033,15.025,0.000,0.206,0.000,0.000,0.000,0.000,0.000,0.000,0.000,22.000,2.000,2024.000,11.000,4.000,1.000
226.000,407.847,986.982,14.760,1.194,955.690,40.006,440835.212,0.000,0.000,0.000,0.000,0.005,0.000,0.000,0.000,0.000,0.027,14.931,0.000,0.000,0.000,0.000,0.000,0.038,15.017,0.000,0.206,0.000,0.000,0.000,0.000,0.000,0.000,0.000,22.000,2.000,2024.000,11.000,4.000,2.000
226.000,407.847,986.982,14.760,1.194,955.690,40.006,440835.212,0.000,0.000,0.000,0.000,0.005,0.000,0.000,0.000,0.000,0.027,14.923,0.000,0.000,0.000,0.000,0.000,0.038,15.011,0.000,0.206,0.000,0.000,0.000,0.000,0.000,0.000,0.000,22.000,2.000,2024.000,11.000,4.000,2.000
226.000,407.872,986.983,14.780,1.194,955.749,40.009,440809.939,0.000,0.000,0.000,0.000,0.005,0.000,0.000,0.000,0.000,0.027,14.928,0.000,0.000,0.000,0.000,0.000,0.038,15.031,0.000,0.206,0.000,0.000,0.000,0.000,0.000,0.000,0.000,22.000,2.000,2024.000,11.000,4.000,2.000
226.000,407.872,986.983,14.780,1.194,955.749,40.009,440809.939,0.000,0.000,0.000,0.000,0.005,0.000,0.000,0.000,0.000,0.027,14.933,0.000,0.000,0.000,0.000,0.000,0.033,15.052,0.000,0.206,0.000,0.000,0.000,0.000,0.000,0.000,0.000,22.000,2.000,2024.000,11.000,4.000,2.000
226.000,407.851,986.984,14.780,1.194,955.700,40.008,440798.729,0.000,0.000,0.000,0.000,0.005,0.000,0.000,0.000,0.000,0.022,14.931,0.000,0.000,0.000,0.000,0.000,0.038,15.049,0.000,0.206,0.000,0.000,0.000,0.000,0.000,0.000,0.000,22.000,2.000,2024.000,11.000,4.000,2.000
226.000,407.851,986.984,14.780,1.194,955.700,40.008,440798.729,0.000,0.000,0.000,0.000,0.005,0.000,0.000,0.000,0.000,0.033,14.927,0.000,0.000,0.000,0.000,0.000,0.038,15.045,0.000,0.206,0.000,0.000,0.000,0.000,0.000,0.000,0.000,22.000,2.000,2024.000,11.000,4.000,2.000
226.000,407.848,986.983,14.780,1.194,955.693,40.008,440796.872,0.000,0.000,0.000,0.000,0.005,0.000,0.000,0.000,0.000,0.027,14.935,0.000,0.000,0.000,0.000,0.000,0.033,15.039,0.000,0.206,0.000,0.000,0.000,0.000,0.000,0.000,0.000,22.000,2.000,2024.000,11.000,4.000,2.000
226.000,407.848,986.983,14.780,1.194,955.693,40.008,440796.872,0.000,0.000,0.000,0.000,0.005,0.000,0.000,0.000,0.000,0.033,14.952,0.000,0.000,0.000,0.000,0.000,0.038,15.024,0.000,0.206,0.000,0.000,0.000,0.000,0.000,0.000,0.000,22.000,2.000,2024.000,11.000,4.000,2.000
226.000,407.848,986.983,14.780,1.194,955.693,40.008,440796.872,0.000,0.000,0.000,0.000,0.005,0.000,0.000,0.000,0.000,0.027,14.954,0.000,0.000,0.000,0.000,0.000,0.038,15.027,0.000,0.206,0.000,0.000,0.000,0.000,0.000,0.000,0.000,22.000,2.000,2024.000,11.000,4.000,2.000
226.000,407.859,986.983,14.780,1.194,955.719,40.008,440802.861,0.000,0.000,0.000,0.000,0.005,0.000,0.000,0.000,0.000,0.033,14.962,0.000,0.000,0.000,0.000,0.000,0.033,15.037,0.000,0.206,0.000,0.000,0.000,0.000,0.000,0.000,0.000,22.000,2.000,2024.000,11.000,4.000,2.000
226.000,407.859,986.983,14.780,1.194,955.719,40.008,440802.861,0.000,0.000,0.000,0.000,0.005,0.000,0.000,0.000,0.000,0.033,14.961,0.000,0.000,0.000,0.000,0.000,0.033,15.038,0.000,0.206,0.000,0.000,0.000,0.000,0.000,0.000,0.000,22.000,2.000,2024.000,11.000,4.000,3.000
