191.000,408.660,989.237,14.940,1.196,957.610,40.013,441429.007,0.000,0.000,0.000,0.000,-5.000,0.000,66.896,0.000,0.013,-0.414,16.266,0.000,40.675,66.906,74.815,0.020,-0.829,16.312,0.141,38.736,0.000,0.000,0.000,0.000,0.000,0.000,0.000,22.000,2.000,2024.000,9.000,33.000,52.000
191.000,408.660,989.237,14.940,1.196,957.610,40.013,441429.007,0.000,0.000,0.000,0.000,-5.000,0.000,66.902,0.000,0.013,-1.085,16.268,0.000,40.664,66.893,74.898,0.027,-0.818,16.299,0.107,38.781,0.000,0.000,0.000,0.000,0.000,0.000,0.000,22.000,2.000,2024.000,9.000,33.000,52.000
191.000,408.647,989.238,14.940,1.196,957.579,40.013,441422.156,0.000,0.000,0.000,0.000,-5.000,0.000,66.910,0.000,0.010,-0.780,16.266,0.000,40.685,66.924,74.859,0.022,-0.567,16.306,0.121,38.736,0.000,0.000,0.000,0.000,0.000,0.000,0.000,22.000,2.000,2024.000,9.000,33.000,52.000
191.000,408.647,989.238,14.940,1.196,957.579,40.013,441422.156,0.000,0.000,0.000,0.000,-5.000,0.000,66.898,0.000,0.012,-1.418,16.265,0.000,40.664,66.910,75.431,0.020,-0.349,16.317,0.138,38.739,0.000,0.000,0.000,0.000,0.000,0.000,0.000,22.000,2.000,2024.000,9.000,33.000,52.000
191.000,408.632,989.238,14.940,1.196,957.544,40.012,441413.994,0.000,0.000,0.000,0.000,-5.000,0.000,66.901,0.000,0.013,-0.889,16.267,0.000,40.692,66.897,75.558,0.029,-0.605,16.317,0.066,38.753,0.000,0.000,0.000,0.000,0.000,0.000,0.000,22.000,2.000,2024.000,9.000,33.000,52.000
191.000,408.632,989.238,14.940,1.196,957.544,40.012,441413.994,0.000,0.000,0.000,0.000,-5.000,0.000,66.907,0.000,0.010,-1.211,16.272,0.000,40.668,66.917,75.843,0.023,-0.594,16.317,0.099,38.718,0.000,0.000,0.000,0.000,0.000,0.000,0.000,22.000,2.000,2024.000,9.000,33.000,52.000
191.000,408.623,989.237,14.940,1.196,957.522,40.011,441408.873,0.000,0.000,0.000,0.000,-5.000,0.000,66.903,0.000,0.013,-1.074,16.270,0.000,40.664,66.904,75.831,0.034,-0.796,16.317,0.068,38.708,0.000,0.000,0.000,0.000,0.000,0.000,0.000,22.000,2.000,2024.000,9.000,33.000,52.000
191.000,408.623,989.237,14.940,1.196,957.522,40.011,441408.873,0.000,0.000,0.000,0.000,-5.000,0.000,66.894,0.000,0.011,-1.096,16.262,0.000,40.685,66.901,76.203,0.031,-1.391,16.314,0.105,38.781,0.000,0.000,0.000,0.000,0.000,0.000,0.000,22.000,2.000,2024.000,9.000,33.000,53.000
191.000,408.638,989.239,14.940,1.196,957.558,40.012,441417.482,0.000,0.000,0.000,0.000,-5.000,0.000,66.900,0.000,0.009,-1.053,16.263,0.000,40.678,66.922,76.740,0.024,-1.194,16.315,0.247,38.722,0.000,0.000,0.000,0.000,0.000,0.000,0.000,22.000,2.000,2024.000,9.000,33.000,53.000
191.000,408.638,989.239,14.940,1.196,957.558,40.012,441417.482,0.000,0.000,0.000,0.000,-5.000,0.000,66.909,0.000,0.011,-0.818,16.270,0.000,40.654,66.915,77.180,0.032,-1.276,16.322,0.049,38.774,0.000,0.000,0.000,0.000,0.000,0.000,0.000,22.000,2.000,2024.000,9.000,33.000,53.000
191.000,408.638,989.239,14.940,1.196,957.558,40.012,441417.482,0.000,0.000,0.000,0.000,-5.000,0.000,66.898,0.000,0.010,-0.404,16.270,0.000,40.675,66.893,77.500,0.032,-1.347,16.322,0.117,38.739,0.000,0.000,0.000,0.000,0.000,0.000,0.000,22.000,2.000,2024.000,9.000,33.000,53.000
191.000,408.641,989.236,14.940,1.196,957.565,40.012,441418.445,0.000,0.000,0.000,0.000,-5.000,0.000,66.909,0.000,0.012,-0.616,16.276,0.000,40.657,66.903,77.171,0.028,-1.140,16.302,0.043,38.760,0.000,0.000,0.000,0.000,0.000,0.000,0.000,22.000,2.000,2024.000,9.000,33.000,53.000
191.000,408.641,989.236,14.940,1.196,957.565,40.012,441418.445,0.000,0.000,0.000,0.000,-5.000,0.000,66.904,0.000,0.012,-0.496,16.276,0.000,40.671,66.892,76.838,0.031,-0.758,16.302,0.167,38.788,0.000,0.000,0.000,0.000,0.000,0.000,0.000,22.000,2.000,2024.000,9.000,33.000,53.000
191.000,408.654,989.238,14.940,1.196,957.595,40.013,441425.965,0.000,0.000,0.000,0.000,-5.000,0.000,66.898,0.000,0.006,-0.813,16.297,0.000,40.657,66.899,76.679,0.027,-0.993,16.322,0.058,38.760,0.000,0.000,0.000,0.000,0.000,0.000,0.000,22.000,2.000,2024.000,9.000,33.000,53.000
191.000,408.654,989.238,14.940,1.196,957.595,40.013,441425.965,0.000,0.000,0.000,0.000,-5.000,0.000,66.897,0.000,0.010,-0.584,16.299,0.000,40.675,66.909,77.064,0.023,-0.725,16.325,0.162,38.760,0.000,0.000,0.000,0.000,0.000,0.000,0.000,22.000,2.000,2024.000,9.000,33.000,53.000
191.000,408.666,989.239,14.940,1.196,957.624,40.014,441432.718,0.000,0.000,0.000,0.000,-5.000,0.000,66.904,0.000,0.009,-1.358,16.279,0.000,40.664,66.905,77.242,0.025,-0.540,16.323,0.026,38.746,0.000,0.000,0.000,0.000,0.000,0.000,0.000,22.000,2.000,2024.000,9.000,33.000,53.000
191.000,408.666,989.239,14.940,1.196,957.624,40.014,441432.718,0.000,0.000,0.000,0.000,-5.000,0.000,66.898,0.000,0.010,-0.382,16.274,0.000,40.671,66.895,77.144,0.024,-0.654,16.322,0.048,38.781,0.000,0.000,0.000,0.000,0.000,0.000,0.000,22.000,2.000,2024.000,9.000,33.000,53.000
191.000,408.690,989.240,14.940,1.196,957.680,40.015,441446.001,0.000,0.000,0.000,0.000,-5.000,0.000,66.905,0.000,0.012,-1.232,16.272,0.000,40.664,66.891,77.051,0.024,-0.251,16.315,0.121,38.750,0.000,0.000,0.000,0.000,0.000,0.000,0.000,22.000,2.000,2024.000,9.000,33.000,54.000
191.000,408.690,989.240,14.940,1.196,957.680,40.015,441446.001,0.000,0.000,0.000,0.000,-5.000,0.000,66.903,0.000,0.011,-1.173,16.271,0.000,40.675,66.896,76.542,0.025,-0.387,16.312,0.122,38.746,0.000,0.000,0.000,0.000,0.000,0.000,0.000,22.000,2.000,2024.000,9.000,33.000,54.000
191.000,408.710,989.240,14.940,1.196,957.728,40.016,441456.884,0.000,0.000,0.000,0.000,-5.000,0.000,66.904,0.000,0.015,-1.134,16.277,0.000,40.654,66.901,76.434,0.029,-1.402,16.326,0.091,38.774,0.000,0.000,0.000,0.000,0.000,0.000,0.000,22.000,2.000,2024.000,9.000,33.000,54.000
191.000,408.710,989.240,14.940,1.196,957.728,40.016,441456.884,0.000,0.000,0.000,0.000,-5.000,0.000,66.905,0.000,0.016,-1.232,16.280,0.000,40.682,66.901,76.408,0.023,-1.036,16.334,0.029,38.753,0.000,0.000,0.000,0.000,0.000,0.000,0.000,22.000,2.000,2024.000,9.000,33.000,54.000
191.000,408.710,989.240,14.940,1.196,957.728,40.016,441456.884,0.000,0.000,0.000,0.000,-5.000,0.000,66.892,0.000,0.016,-1.069,16.274,0.000,40.654,66.901,76.379,0.030,-1.718,16.326,0.141,38.690,0.000,0.000,0.000,0.000,0.000,0.000,0.000,22.000,2.000,2024.000,9.000,33.000,54.000
191.000,408.717,989.237,14.940,1.196,957.744,40.016,441460.023,0.000,0.000,0.000,0.000,-5.000,0.000,66.890,0.000,0.010,-0.687,16.267,0.000,40.678,66.885,76.492,0.037,-1.009,16.318,0.130,38.781,0.000,0.000,0.000,0.000,0.000,0.000,0.000,22.000,2.000,2024.000,9.000,33.000,54.000
191.000,408.717,989.237,14.940,1.196,957.744,40.016,441460.023,0.000,0.000,0.000,0.000,-5.000,0.000,66.901,0.000,0.015,-0.938,16.274,0.000,40.671,66.904,76.601,0.026,-1.129,16.329,0.071,38.708,0.000,0.000,0.000,0.000,0.000,0.000,0.000,22.000,2.000,2024.000,9.000,33.000,54.000
191.000,408.718,989.238,14.940,1.196,957.747,40.016,441460.791,0.000,0.000,0.000,0.000,-5.000,0.000,66.911,0.000,0.010,-0.573,16.286,0.000,40.682,66.907,76.714,0.026,-1.222,16.345,0.014,38.764,0.000,0.000,0.000,0.000,0.000,0.000,0.000,22.000,2.000,2024.000,9.000,33.000,54.000
191.000,408.718,989.238,14.940,1.196,957.747,40.016,441460.791,0.000,0.000,0.000,0.000,-5.000,0.000,66.902,0.000,0.016,-0.469,16.284,0.000,40.661,66.895,76.432,0.031,-1.183,16.336,0.096,38.722,0.000,0.000,0.000,0.000,0.000,0.000,0.000,22.000,2.000,2024.000,9.000,33.000,54.000
191.000,408.722,989.234,14.940,1.196,957.756,40.016,441462.075,0.000,0.000,0.000,0.000,-5.000,0.000,66.897,0.000,0.008,-0.420,16.279,0.000,40.678,66.893,76.076,0.031,-0.709,16.314,0.109,38.781,0.000,0.000,0.000,0.000,0.000,0.000,0.000,22.000,2.000,2024.000,9.000,33.000,54.000
191.000,408.722,989.234,14.940,1.196,957.756,40.016,441462.075,0.000,0.000,0.000,0.000,-5.000,0.000,66.899,0.000,0.007,-1.047,16.281,0.000,40.671,66.895,76.256,0.031,-0.709,16.318,0.074,38.725,0.000,0.000,0.000,0.000,0.000,0.000,0.000,22.000,2.000,2024.000,9.000,33.000,55.000
191.000,408.737,989.233,14.940,1.196,957.791,40.017,441470.013,0.000,0.000,0.000,0.000,-5.000,0.000,66.906,0.000,0.008,0.278,16.290,0.000,40.668,66.900,76.051,0.028,-0.534,16.332,0.100,38.753,0.000,0.000,0.000,0.000,0.000,0.000,0.000,22.000,2.000,2024.000,9.000,33.000,55.000
191.000,408.737,989.233,14.940,1.196,957.791,40.017,441470.013,0.000,0.000,0.000,0.000,-5.000,0.000,66.896,0.000,0.009,-1.151,16.288,0.000,40.671,66.893,75.799,0.021,-0.589,16.332,0.056,38.753,0.000,0.000,0.000,0.000,0.000,0.000,0.000,22.000,2.000,2024.000,9.000,33.000,55.000
191.000,408.755,989.236,14.940,1.196,957.834,40.018,441480.476,0.000,0.000,0.000,0.000,-5.000,0.000,66.901,0.000,0.008,-1.265,16.274,0.000,40.678,66.901,75.905,0.028,-0.311,16.329,0.043,38.781,0.000,0.000,0.000,0.000,0.000,0.000,0.000,22.000,2.000,2024.000,9.000,33.000,55.000
191.000,408.755,989.236,14.940,1.196,957.834,40.018,441480.476,0.000,0.000,0.000,0.000,-5.000,0.000,66.900,0.000,0.011,-1.216,16.274,0.000,40.664,66.900,76.106,0.023,-1.167,16.329,0.092,38.746,0.000,0.000,0.000,0.000,0.000,0.000,0.000,22.000,2.000,2024.000,9.000,33.000,55.000
191.000,408.758,989.234,14.940,1.196,957.841,40.018,441481.662,0.000,0.000,0.000,0.000,-5.000,0.000,66.904,0.000,0.009,-1.173,16.284,0.000,40.668,66.880,75.360,0.026,-0.709,16.357,0.250,38.795,0.000,0.000,0.000,0.000,0.000,0.000,0.000,22.000,2.000,2024.000,9.000,33.000,55.000
191.000,408.758,989.234,14.940,1.196,957.841,40.018,441481.662,0.000,0.000,0.000,0.000,-5.000,0.000,66.907,0.000,0.013,-1.227,16.284,0.000,40.664,66.889,74.927,0.028,-1.391,16.357,0.156,38.746,0.000,0.000,0.000,0.000,0.000,0.000,0.000,22.000,2.000,2024.000,9.000,33.000,55.000
191.000,408.758,989.234,14.940,1.196,957.841,40.018,441481.662,0.000,0.000,0.000,0.000,-5.000,0.000,66.923,0.000,0.012,-0.851,16.270,0.000,40.647,66.903,74.195,0.022,-1.353,16.335,0.255,38.781,0.000,0.000,0.000,0.000,0.000,0.000,0.000,22.000,2.000,2024.000,9.000,33.000,55.000
191.000,408.758,989.232,14.940,1.196,957.841,40.018,441481.216,0.000,0.000,0.000,0.000,-5.000,0.000,66.903,0.000,0.013,-1.004,16.269,0.000,40.661,66.893,73.611,0.027,-1.069,16.333,0.124,38.778,0.000,0.000,0.000,0.000,0.000,0.000,0.000,22.000,2.000,2024.000,9.000,33.000,55.000
191.000,408.758,989.232,14.940,1.196,957.841,40.018,441481.216,0.000,0.000,0.000,0.000,-5.000,0.000,66.898,0.000,0.012,-0.758,16.268,0.000,40.657,66.897,73.499,0.030,-1.292,16.314,0.049,38.785,0.000,0.000,0.000,0.000,0.000,0.000,0.000,22.000,2.000,2024.000,9.000,33.000,55.000
191.000,408.768,989.231,14.940,1.196,957.865,40.019,441486.434,0.000,0.000,0.000,0.000,-5.000,0.000,66.907,0.000,0.011,-0.496,16.268,0.000,40.685,66.902,73.565,0.032,-1.118,16.309,0.111,38.753,0.000,0.000,0.000,0.000,0.000,0.000,0.000,22.000,2.000,2024.000,9.000,33.000,56.000
191.000,408.768,989.231,14.940,1.196,957.865,40.019,441486.434,0.000,0.000,0.000,0.000,-5.000,0.000,66.903,0.000,0.011,-0.464,16.276,0.000,40.647,66.897,73.131,0.037,-0.922,16.320,0.095,38.767,0.000,0.000,0.000,0.000,0.000,0.000,0.000,22.000,2.000,2024.000,9.000,33.000,56.000
191.000,408.773,989.231,14.940,1.196,957.876,40.019,441489.154,0.000,0.000,0.000,0.000,-5.000,0.000,66.897,0.000,0.008,-0.584,16.280,0.000,40.664,66.904,73.324,0.028,-0.922,16.325,0.130,38.767,0.000,0.000,0.000,0.000,0.000,0.000,0.000,22.000,2.000,2024.000,9.000,33.000,56.000
191.000,408.773,989.231,14.940,1.196,957.876,40.019,441489.154,0.000,0.000,0.000,0.000,-5.000,0.000,66.904,0.000,0.009,-1.162,16.278,0.000,40.671,66.886,73.091,0.031,-0.611,16.318,0.180,38.795,0.000,0.000,0.000,0.000,0.000,0.000,0.000,22.000,2.000,2024.000,9.000,33.000,56.000
191.000,408.771,989.234,14.940,1.196,957.872,40.019,441488.736,0.000,0.000,0.000,0.000,-5.000,0.000,66.899,0.000,0.011,-0.731,16.277,0.000,40.678,66.904,72.729,0.027,-0.502,16.314,0.043,38.725,0.000,0.000,0.000,0.000,0.000,0.000,0.000,22.000,2.000,2024.000,9.000,33.000,56.000
191.000,408.771,989.234,14.940,1.196,957.872,40.019,441488.736,0.000,0.000,0.000,0.000,-5.000,0.000,66.893,0.000,0.004,-1.276,16.273,0.000,40.671,66.900,72.809,0.029,-0.513,16.329,0.110,38.778,0.000,0.000,0.000,0.000,0.000,0.000,0.000,22.000,2.000,2024.000,9.000,33.000,56.000
191.000,408.761,989.229,14.940,1.196,957.848,40.018,441482.179,0.000,0.000,0.000,0.000,-5.000,0.000,66.894,0.000,0.005,-1.173,16.269,0.000,40.675,66.910,73.363,0.019,-1.129,16.344,0.185,38.743,0.000,0.000,0.000,0.000,0.000,0.000,0.000,22.000,2.000,2024.000,9.000,33.000,56.000
191.000,408.761,989.229,14.940,1.196,957.848,40.018,441482.179,0.000,0.000,0.000,0.000,-5.000,0.000,66.912,0.000,0.008,-1.314,16.272,0.000,40.664,66.912,73.646,0.026,-0.736,16.335,0.047,38.732,0.000,0.000,0.000,0.000,0.000,0.000,0.000,22.000,2.000,2024.000,9.000,33.000,56.000
191.000,408.761,989.229,14.940,1.196,957.848,40.018,441482.179,0.000,0.000,0.000,0.000,-5.000,0.000,66.893,0.000,0.004,-1.222,16.277,0.000,40.671,66.888,73.503,0.023,-1.342,16.323,0.048,38.753,0.000,0.000,0.000,0.000,0.000,0.000,0.000,22.000,2.000,2024.000,9.000,33.000,56.000
191.000,408.750,989.230,14.940,1.196,957.822,40.018,441476.417,0.000,0.000,0.000,0.000,-5.000,0.000,66.893,0.000,0.008,-1.014,16.275,0.000,40.661,66.877,73.212,0.026,-0.251,16.320,0.119,38.750,0.000,0.000,0.000,0.000,0.000,0.000,0.000,22.000,2.000,2024.000,9.000,33.000,56.000
191.000,408.750,989.230,14.940,1.196,957.822,40.018,441476.417,0.000,0.000,0.000,0.000,-5.000,0.000,66.904,0.000,0.010,-1.134,16.272,0.000,40.678,66.910,72.999,0.024,-1.232,16.313,0.055,38.760,0.000,0.000,0.000,0.000,0.000,0.000,0.000,22.000,2.000,2024.000,9.000,33.000,57.000
191.000,408.732,989.227,14.940,1.196,957.780,40.017,441465.954,0.000,0.000,0.000,0.000,-5.000,0.000,66.909,0.000,0.009,-0.867,16.277,0.000,40.661,66.893,72.776,0.026,-1.271,16.314,0.194,38.739,0.000,0.000,0.000,0.000,0.000,0.000,0.000,22.000,2.000,2024.000,9.000,33.000,57.000
191.000,408.732,989.227,14.940,1.196,957.780,40.017,441465.954,0.000,0.000,0.000,0.000,-5.000,0.000,66.897,0.000,0.008,-0.747,16.297,0.000,40.668,66.901,72.639,0.027,-1.102,16.320,0.097,38.799,0.000,0.000,0.000,0.000,0.000,0.000,0.000,22.000,2.000,2024.000,9.000,33.000,57.000
