206.000,407.489,988.698,15.380,1.194,954.845,39.997,439813.342,0.000,0.000,0.000,0.000,10.000,0.000,66.830,0.000,0.055,-1.151,17.301,0.000,48.183,66.845,149.720,0.037,-1.074,17.385,0.438,41.305,0.000,0.000,0.000,0.000,0.000,0.000,0.000,22.000,2.000,2024.000,9.000,58.000,4.000
206.000,407.489,988.698,15.380,1.194,954.845,39.997,439813.342,0.000,0.000,0.000,0.000,10.000,0.000,66.986,0.000,0.040,-0.382,17.303,0.000,48.320,66.912,149.600,0.023,-1.162,17.387,0.701,41.291,0.000,0.000,0.000,0.000,0.000,0.000,0.000,22.000,2.000,2024.000,9.000,58.000,4.000
206.000,407.438,988.694,15.360,1.194,954.725,39.993,439823.646,0.000,0.000,0.000,0.000,10.000,0.000,67.027,0.000,0.035,-0.109,17.296,0.000,48.208,66.862,144.540,0.034,-1.091,17.365,1.710,41.263,0.000,0.000,0.000,0.000,0.000,0.000,0.000,22.000,2.000,2024.000,9.000,58.000,4.000
206.000,407.438,988.694,15.360,1.194,954.725,39.993,439823.646,0.000,0.000,0.000,0.000,10.000,0.000,66.968,0.000,0.053,0.147,17.294,0.000,48.229,66.873,140.714,0.032,-1.058,17.360,0.872,41.298,0.000,0.000,0.000,0.000,0.000,0.000,0.000,22.000,2.000,2024.000,9.000,58.000,5.000
206.000,407.388,988.693,15.380,1.194,954.607,39.992,439757.311,0.000,0.000,0.000,0.000,10.000,0.000,66.928,0.000,0.051,-0.911,17.308,0.000,48.197,66.886,137.227,0.021,-0.976,17.377,0.517,41.270,0.000,0.000,0.000,0.000,0.000,0.000,0.000,22.000,2.000,2024.000,9.000,58.000,5.000
206.000,407.388,988.693,15.380,1.194,954.607,39.992,439757.311,0.000,0.000,0.000,0.000,10.000,0.000,66.833,0.000,0.066,-0.796,17.314,0.000,48.250,66.909,137.413,0.044,-1.118,17.384,0.959,41.294,0.000,0.000,0.000,0.000,0.000,0.000,0.000,22.000,2.000,2024.000,9.000,58.000,5.000
206.000,407.410,988.695,15.380,1.194,954.659,39.993,439769.719,0.000,0.000,0.000,0.000,10.000,0.000,66.740,0.000,0.034,-0.480,17.310,0.000,48.302,66.934,143.043,0.024,-0.960,17.383,2.112,41.249,0.000,0.000,0.000,0.000,0.000,0.000,0.000,22.000,2.000,2024.000,9.000,58.000,5.000
206.000,407.410,988.695,15.380,1.194,954.659,39.993,439769.719,0.000,0.000,0.000,0.000,10.000,0.000,66.777,0.000,0.065,-0.425,17.308,0.000,48.372,66.919,150.221,0.033,-0.878,17.383,1.637,41.294,0.000,0.000,0.000,0.000,0.000,0.000,0.000,22.000,2.000,2024.000,9.000,58.000,5.000
206.000,407.410,988.695,15.380,1.194,954.659,39.993,439769.719,0.000,0.000,0.000,0.000,10.000,0.000,66.780,0.000,0.041,0.573,17.306,0.000,48.292,66.903,153.873,0.030,-0.693,17.380,1.376,41.266,0.000,0.000,0.000,0.000,0.000,0.000,0.000,22.000,2.000,2024.000,9.000,58.000,5.000
206.000,407.425,988.695,15.380,1.194,954.694,39.994,439777.875,0.000,0.000,0.000,0.000,10.000,0.000,66.839,0.000,0.081,-0.731,17.305,0.000,48.376,66.923,158.742,0.032,-1.151,17.376,0.811,41.259,0.000,0.000,0.000,0.000,0.000,0.000,0.000,22.000,2.000,2024.000,9.000,58.000,5.000
206.000,407.425,988.695,15.380,1.194,954.694,39.994,439777.875,0.000,0.000,0.000,0.000,10.000,0.000,66.849,0.000,0.091,-0.109,17.305,0.000,48.285,66.922,161.832,0.034,-1.205,17.372,0.919,41.242,0.000,0.000,0.000,0.000,0.000,0.000,0.000,22.000,2.000,2024.000,9.000,58.000,5.000
206.000,407.453,988.699,15.360,1.194,954.760,39.994,439832.915,0.000,0.000,0.000,0.000,10.000,0.000,67.033,0.000,0.098,-0.251,17.304,0.000,48.260,66.913,159.208,0.025,-1.298,17.365,1.460,41.270,0.000,0.000,0.000,0.000,0.000,0.000,0.000,22.000,2.000,2024.000,9.000,58.000,5.000
206.000,407.453,988.699,15.360,1.194,954.760,39.994,439832.915,0.000,0.000,0.000,0.000,10.000,0.000,67.066,0.000,0.028,-0.191,17.305,0.000,48.243,66.901,154.119,0.038,-1.085,17.363,1.740,41.280,0.000,0.000,0.000,0.000,0.000,0.000,0.000,22.000,2.000,2024.000,9.000,58.000,5.000
206.000,407.484,988.698,15.360,1.194,954.833,39.995,439849.549,0.000,0.000,0.000,0.000,10.000,0.000,66.943,0.000,0.043,0.436,17.306,0.000,48.250,66.925,151.235,0.035,-0.649,17.356,0.154,41.322,0.000,0.000,0.000,0.000,0.000,0.000,0.000,22.000,2.000,2024.000,9.000,58.000,6.000
206.000,407.484,988.698,15.360,1.194,954.833,39.995,439849.549,0.000,0.000,0.000,0.000,10.000,0.000,66.905,0.000,0.082,-0.169,17.305,0.000,48.222,66.965,150.877,0.026,-0.763,17.360,0.882,41.238,0.000,0.000,0.000,0.000,0.000,0.000,0.000,22.000,2.000,2024.000,9.000,58.000,6.000
206.000,407.505,988.694,15.380,1.194,954.883,39.998,439821.151,0.000,0.000,0.000,0.000,10.000,0.000,66.853,0.000,0.040,0.294,17.301,0.000,48.264,66.931,154.299,0.025,-0.611,17.377,0.700,41.287,0.000,0.000,0.000,0.000,0.000,0.000,0.000,22.000,2.000,2024.000,9.000,58.000,6.000
206.000,407.505,988.694,15.380,1.194,954.883,39.998,439821.151,0.000,0.000,0.000,0.000,10.000,0.000,66.851,0.000,0.033,-0.104,17.301,0.000,48.302,66.901,156.435,0.044,-0.643,17.378,0.415,41.270,0.000,0.000,0.000,0.000,0.000,0.000,0.000,22.000,2.000,2024.000,9.000,58.000,6.000
206.000,407.520,988.696,15.360,1.194,954.918,39.997,439868.680,0.000,0.000,0.000,0.000,10.000,0.000,66.808,0.000,0.061,0.278,17.302,0.000,48.232,66.930,158.714,0.029,-0.409,17.389,1.434,41.277,0.000,0.000,0.000,0.000,0.000,0.000,0.000,22.000,2.000,2024.000,9.000,58.000,6.000
206.000,407.520,988.696,15.360,1.194,954.918,39.997,439868.680,0.000,0.000,0.000,0.000,10.000,0.000,66.831,0.000,0.040,-0.616,17.302,0.000,48.341,66.925,163.149,0.045,0.305,17.389,1.018,41.298,0.000,0.000,0.000,0.000,0.000,0.000,0.000,22.000,2.000,2024.000,9.000,58.000,6.000
206.000,407.520,988.696,15.360,1.194,954.918,39.997,439868.680,0.000,0.000,0.000,0.000,10.000,0.000,66.856,0.000,0.040,-0.698,17.312,0.000,48.376,66.889,166.018,0.034,-0.442,17.366,0.297,41.277,0.000,0.000,0.000,0.000,0.000,0.000,0.000,22.000,2.000,2024.000,9.000,58.000,6.000
206.000,407.522,988.696,15.380,1.194,954.923,39.999,439830.839,0.000,0.000,0.000,0.000,10.000,0.000,66.927,0.000,0.047,-0.382,17.312,0.000,48.337,66.888,165.626,0.031,-0.665,17.366,0.718,41.298,0.000,0.000,0.000,0.000,0.000,0.000,0.000,22.000,2.000,2024.000,9.000,58.000,6.000
206.000,407.522,988.696,15.380,1.194,954.923,39.999,439830.839,0.000,0.000,0.000,0.000,10.000,0.000,66.898,0.000,0.059,0.464,17.308,0.000,48.285,66.876,164.190,0.042,-0.851,17.369,0.545,41.280,0.000,0.000,0.000,0.000,0.000,0.000,0.000,22.000,2.000,2024.000,9.000,58.000,6.000
206.000,407.500,988.695,15.380,1.194,954.871,39.997,439818.655,0.000,0.000,0.000,0.000,10.000,0.000,66.951,0.000,0.027,-0.169,17.307,0.000,48.362,66.858,162.673,0.032,-0.464,17.369,0.957,41.330,0.000,0.000,0.000,0.000,0.000,0.000,0.000,22.000,2.000,2024.000,9.000,58.000,6.000
206.000,407.500,988.695,15.380,1.194,954.871,39.997,439818.655,0.000,0.000,0.000,0.000,10.000,0.000,67.075,0.000,0.074,-0.965,17.311,0.000,48.117,66.885,158.633,0.040,-0.616,17.377,2.043,41.340,0.000,0.000,0.000,0.000,0.000,0.000,0.000,22.000,2.000,2024.000,9.000,58.000,7.000
206.000,407.442,988.697,15.360,1.194,954.734,39.993,439826.488,0.000,0.000,0.000,0.000,10.000,0.000,66.886,0.000,0.080,1.189,17.312,0.000,48.302,66.893,153.441,0.031,-0.513,17.379,0.399,41.245,0.000,0.000,0.000,0.000,0.000,0.000,0.000,22.000,2.000,2024.000,9.000,58.000,7.000
206.000,407.442,988.697,15.360,1.194,954.734,39.993,439826.488,0.000,0.000,0.000,0.000,10.000,0.000,66.814,0.000,0.066,-0.818,17.312,0.000,48.397,66.914,156.931,0.037,-0.900,17.367,1.365,41.294,0.000,0.000,0.000,0.000,0.000,0.000,0.000,22.000,2.000,2024.000,9.000,58.000,7.000
206.000,407.431,988.699,15.360,1.194,954.708,39.993,439820.951,0.000,0.000,0.000,0.000,10.000,0.000,67.011,0.000,0.028,-0.736,17.313,0.000,48.243,66.890,156.015,0.031,-0.769,17.362,1.161,41.252,0.000,0.000,0.000,0.000,0.000,0.000,0.000,22.000,2.000,2024.000,9.000,58.000,7.000
206.000,407.431,988.699,15.360,1.194,954.708,39.993,439820.951,0.000,0.000,0.000,0.000,10.000,0.000,66.994,0.000,0.097,-0.867,17.319,0.000,48.134,66.922,151.769,0.034,-1.238,17.361,0.734,41.287,0.000,0.000,0.000,0.000,0.000,0.000,0.000,22.000,2.000,2024.000,9.000,58.000,7.000
206.000,407.445,988.694,15.360,1.194,954.741,39.993,439827.452,0.000,0.000,0.000,0.000,10.000,0.000,66.849,0.000,0.061,-0.665,17.323,0.000,48.355,66.875,152.054,0.040,-1.004,17.361,0.487,41.259,0.000,0.000,0.000,0.000,0.000,0.000,0.000,22.000,2.000,2024.000,9.000,58.000,7.000
206.000,407.445,988.694,15.360,1.194,954.741,39.993,439827.452,0.000,0.000,0.000,0.000,10.000,0.000,66.812,0.000,0.068,-0.622,17.312,0.000,48.232,66.898,153.666,0.028,-0.829,17.372,1.258,41.312,0.000,0.000,0.000,0.000,0.000,0.000,0.000,22.000,2.000,2024.000,9.000,58.000,7.000
206.000,407.454,988.693,15.360,1.194,954.762,39.994,439832.124,0.000,0.000,0.000,0.000,10.000,0.000,66.975,0.000,0.036,-0.714,17.301,0.000,48.281,66.935,154.493,0.032,-0.540,17.384,0.632,41.256,0.000,0.000,0.000,0.000,0.000,0.000,0.000,22.000,2.000,2024.000,9.000,58.000,7.000
206.000,407.454,988.693,15.360,1.194,954.762,39.994,439832.124,0.000,0.000,0.000,0.000,10.000,0.000,66.935,0.000,0.053,-0.845,17.304,0.000,48.257,66.922,154.178,0.026,-1.309,17.389,0.328,41.242,0.000,0.000,0.000,0.000,0.000,0.000,0.000,22.000,2.000,2024.000,9.000,58.000,7.000
206.000,407.454,988.693,15.360,1.194,954.762,39.994,439832.124,0.000,0.000,0.000,0.000,10.000,0.000,66.894,0.000,0.099,-0.556,17.309,0.000,48.229,66.911,152.922,0.020,-1.091,17.396,0.455,41.273,0.000,0.000,0.000,0.000,0.000,0.000,0.000,22.000,2.000,2024.000,9.000,58.000,7.000
206.000,407.454,988.694,15.360,1.194,954.762,39.994,439832.346,0.000,0.000,0.000,0.000,10.000,0.000,66.789,0.000,0.075,-0.344,17.312,0.000,48.313,66.894,157.236,0.048,-1.325,17.392,1.091,41.210,0.000,0.000,0.000,0.000,0.000,0.000,0.000,22.000,2.000,2024.000,9.000,58.000,8.000
206.000,407.454,988.694,15.360,1.194,954.762,39.994,439832.346,0.000,0.000,0.000,0.000,10.000,0.000,66.910,0.000,0.062,-0.305,17.319,0.000,48.229,66.860,157.411,0.040,-1.129,17.382,0.657,41.231,0.000,0.000,0.000,0.000,0.000,0.000,0.000,22.000,2.000,2024.000,9.000,58.000,8.000
206.000,407.486,988.696,15.360,1.194,954.838,39.995,439850.192,0.000,0.000,0.000,0.000,10.000,0.000,66.898,0.000,0.086,-0.404,17.313,0.000,48.253,66.899,155.528,0.023,-0.976,17.383,0.338,41.309,0.000,0.000,0.000,0.000,0.000,0.000,0.000,22.000,2.000,2024.000,9.000,58.000,8.000
206.000,407.486,988.696,15.360,1.194,954.838,39.995,439850.192,0.000,0.000,0.000,0.000,10.000,0.000,66.878,0.000,0.031,0.605,17.292,0.000,48.260,66.892,156.834,0.032,-1.074,17.387,0.111,41.273,0.000,0.000,0.000,0.000,0.000,0.000,0.000,22.000,2.000,2024.000,9.000,58.000,8.000
206.000,407.476,988.698,15.360,1.194,954.814,39.995,439845.199,0.000,0.000,0.000,0.000,10.000,0.000,66.791,0.000,0.024,0.491,17.294,0.000,48.362,66.927,158.930,0.043,-0.916,17.385,1.466,41.266,0.000,0.000,0.000,0.000,0.000,0.000,0.000,22.000,2.000,2024.000,9.000,58.000,8.000
206.000,407.476,988.698,15.360,1.194,954.814,39.995,439845.199,0.000,0.000,0.000,0.000,10.000,0.000,66.892,0.000,0.034,1.227,17.314,0.000,48.313,66.868,161.578,0.035,-0.643,17.368,0.369,41.277,0.000,0.000,0.000,0.000,0.000,0.000,0.000,22.000,2.000,2024.000,9.000,58.000,8.000
206.000,407.462,988.697,15.360,1.194,954.781,39.994,439837.364,0.000,0.000,0.000,0.000,10.000,0.000,66.980,0.000,0.022,-0.851,17.314,0.000,48.236,66.927,160.178,0.022,-0.638,17.368,0.594,41.273,0.000,0.000,0.000,0.000,0.000,0.000,0.000,22.000,2.000,2024.000,9.000,58.000,8.000
206.000,407.462,988.697,15.360,1.194,954.781,39.994,439837.364,0.000,0.000,0.000,0.000,10.000,0.000,66.955,0.000,0.025,0.224,17.323,0.000,48.253,66.899,157.896,0.034,-0.240,17.365,0.582,41.298,0.000,0.000,0.000,0.000,0.000,0.000,0.000,22.000,2.000,2024.000,9.000,58.000,8.000
206.000,407.462,988.697,15.360,1.194,954.781,39.994,439837.364,0.000,0.000,0.000,0.000,10.000,0.000,66.905,0.000,0.022,-0.676,17.323,0.000,48.267,66.857,156.153,0.030,-0.638,17.365,0.394,41.305,0.000,0.000,0.000,0.000,0.000,0.000,0.000,22.000,2.000,2024.000,9.000,58.000,8.000
206.000,407.441,988.696,15.360,1.194,954.732,39.993,439825.722,0.000,0.000,0.000,0.000,10.000,0.000,66.907,0.000,0.032,-0.431,17.313,0.000,48.257,66.857,154.439,0.024,-0.044,17.362,0.695,41.361,0.000,0.000,0.000,0.000,0.000,0.000,0.000,22.000,2.000,2024.000,9.000,58.000,8.000
206.000,407.441,988.696,15.360,1.194,954.732,39.993,439825.722,0.000,0.000,0.000,0.000,10.000,0.000,66.888,0.000,0.022,-0.142,17.312,0.000,48.260,66.889,153.480,0.029,-0.731,17.362,0.077,41.263,0.000,0.000,0.000,0.000,0.000,0.000,0.000,22.000,2.000,2024.000,9.000,58.000,9.000
206.000,407.407,988.697,15.360,1.194,954.651,39.991,439807.455,0.000,0.000,0.000,0.000,10.000,0.000,66.769,0.000,0.051,0.665,17.318,0.000,48.292,66.880,155.375,0.031,-0.387,17.376,1.355,41.326,0.000,0.000,0.000,0.000,0.000,0.000,0.000,22.000,2.000,2024.000,9.000,58.000,9.000
206.000,407.407,988.697,15.360,1.194,954.651,39.991,439807.455,0.000,0.000,0.000,0.000,10.000,0.000,66.861,0.000,0.039,0.464,17.320,0.000,48.337,66.891,157.950,0.019,-0.344,17.379,0.491,41.309,0.000,0.000,0.000,0.000,0.000,0.000,0.000,22.000,2.000,2024.000,9.000,58.000,9.000
206.000,407.403,988.696,15.360,1.194,954.642,39.991,439805.057,0.000,0.000,0.000,0.000,10.000,0.000,66.843,0.000,0.054,-0.802,17.314,0.000,48.288,66.898,159.294,0.028,-0.447,17.369,0.589,41.322,0.000,0.000,0.000,0.000,0.000,0.000,0.000,22.000,2.000,2024.000,9.000,58.000,9.000
206.000,407.403,988.696,15.360,1.194,954.642,39.991,439805.057,0.000,0.000,0.000,0.000,10.000,0.000,66.818,0.000,0.023,-0.905,17.312,0.000,48.355,66.880,161.913,0.034,-0.551,17.365,0.691,41.316,0.000,0.000,0.000,0.000,0.000,0.000,0.000,22.000,2.000,2024.000,9.000,58.000,9.000
206.000,407.429,988.695,15.360,1.194,954.703,39.993,439818.974,0.000,0.000,0.000,0.000,10.000,0.000,66.920,0.000,0.052,-0.616,17.313,0.000,48.334,66.873,162.730,0.031,-0.262,17.371,0.408,41.305,0.000,0.000,0.000,0.000,0.000,0.000,0.000,22.000,2.000,2024.000,9.000,58.000,9.000
206.000,407.429,988.695,15.360,1.194,954.703,39.993,439818.974,0.000,0.000,0.000,0.000,10.000,0.000,66.949,0.000,0.061,0.240,17.313,0.000,48.239,66.879,159.707,0.039,-0.453,17.374,0.834,41.340,0.000,0.000,0.000,0.000,0.000,0.000,0.000,22.000,2.000,2024.000,9.000,58.000,9.000
206.000,407.432,988.696,15.360,1.194,954.710,39.993,439820.828,0.000,0.000,0.000,0.000,10.000,0.000,66.957,0.000,0.040,-1.080,17.308,0.000,48.278,66.899,157.492,0.029,-0.524,17.392,0.774,41.330,0.000,0.000,0.000,0.000,0.000,0.000,0.000,22.000,2.000,2024.000,9.000,58.000,9.000
206.000,407.432,988.696,15.360,1.194,954.710,39.993,439820.828,0.000,0.000,0.000,0.000,10.000,0.000,66.892,0.000,0.087,-0.600,17.303,0.000,48.302,66.882,157.484,0.037,-0.365,17.409,0.545,41.287,0.000,0.000,0.000,0.000,0.000,0.000,0.000,22.000,2.000,2024.000,9.000,58.000,9.000
206.000,407.433,988.695,15.360,1.194,954.713,39.993,439821.149,0.000,0.000,0.000,0.000,10.000,0.000,66.980,0.000,0.065,-0.911,17.307,0.000,48.225,66.900,153.855,0.042,-1.053,17.399,1.028,41.337,0.000,0.000,0.000,0.000,0.000,0.000,0.000,22.000,2.000,2024.000,9.000,58.000,9.000
206.000,407.433,988.695,15.360,1.194,954.713,39.993,439821.149,0.000,0.000,0.000,0.000,10.000,0.000,66.894,0.000,0.045,-0.507,17.314,0.000,48.288,66.927,154.088,0.025,-0.540,17.385,0.331,41.273,0.000,0.000,0.000,0.000,0.000,0.000,0.000,22.000,2.000,2024.000,9.000,58.000,10.000
206.000,407.433,988.695,15.360,1.194,954.713,39.993,439821.149,0.000,0.000,0.000,0.000,10.000,0.000,66.906,0.000,0.040,-0.785,17.310,0.000,48.267,66.927,154.385,0.035,-1.096,17.375,0.211,41.322,0.000,0.000,0.000,0.000,0.000,0.000,0.000,22.000,2.000,2024.000,9.000,58.000,10.000
206.000,407.433,988.695,15.360,1.194,954.713,39.993,439821.149,0.000,0.000,0.000,0.000,10.000,0.000,66.787,0.000,0.040,-0.911,17.300,0.000,48.292,66.928,158.520,0.049,-0.851,17.354,1.509,41.238,0.000,0.000,0.000,0.000,0.000,0.000,0.000,22.000,2.000,2024.000,9.000,58.000,10.000
206.000,407.433,988.695,15.360,1.194,954.713,39.993,439821.149,0.000,0.000,0.000,0.000,10.000,0.000,66.900,0.000,0.088,-0.354,17.302,0.000,48.292,66.883,160.959,0.021,-1.063,17.358,0.413,41.284,0.000,0.000,0.000,0.000,0.000,0.000,0.000,22.000,2.000,2024.000,9.000,58.000,10.000
206.000,407.446,988.696,15.360,1.194,954.744,39.993,439828.441,0.000,0.000,0.000,0.000,10.000,0.000,67.063,0.000,0.054,-0.016,17.309,0.000,48.169,66.887,155.978,0.039,-1.271,17.373,1.876,41.277,0.000,0.000,0.000,0.000,0.000,0.000,0.000,22.000,2.000,2024.000,9.000,58.000,10.000
206.000,407.446,988.696,15.360,1.194,954.744,39.993,439828.441,0.000,0.000,0.000,0.000,10.000,0.000,66.820,0.000,0.072,-0.005,17.309,0.000,48.376,66.914,154.878,0.040,-1.167,17.376,1.052,41.294,0.000,0.000,0.000,0.000,0.000,0.000,0.000,22.000,2.000,2024.000,9.000,58.000,10.000
206.000,407.441,988.695,15.360,1.194,954.732,39.993,439825.500,0.000,0.000,0.000,0.000,10.000,0.000,66.795,0.000,0.051,-0.469,17.309,0.000,48.372,66.887,159.258,0.027,-1.451,17.401,0.934,41.273,0.000,0.000,0.000,0.000,0.000,0.000,0.000,22.000,2.000,2024.000,9.000,58.000,10.000
206.000,407.441,988.695,15.360,1.194,954.732,39.993,439825.500,0.000,0.000,0.000,0.000,10.000,0.000,66.880,0.000,0.025,-0.545,17.309,0.000,48.334,66.911,161.156,0.033,-1.053,17.401,0.303,41.273,0.000,0.000,0.000,0.000,0.000,0.000,0.000,22.000,2.000,2024.000,9.000,58.000,10.000
206.000,407.411,988.695,15.360,1.194,954.661,39.992,439809.185,0.000,0.000,0.000,0.000,10.000,0.000,66.942,0.000,0.050,0.376,17.293,0.000,48.306,66.868,160.431,0.029,-1.080,17.365,0.847,41.291,0.000,0.000,0.000,0.000,0.000,0.000,0.000,22.000,2.000,2024.000,9.000,58.000,10.000
206.000,407.411,988.695,15.360,1.194,954.661,39.992,439809.185,0.000,0.000,0.000,0.000,10.000,0.000,66.936,0.000,0.065,-0.382,17.293,0.000,48.302,66.892,158.704,0.027,-1.140,17.365,0.580,41.309,0.000,0.000,0.000,0.000,0.000,0.000,0.000,22.000,2.000,2024.000,9.000,58.000,10.000
206.000,407.411,988.695,15.360,1.194,954.661,39.992,439809.185,0.000,0.000,0.000,0.000,10.000,0.000,67.041,0.000,0.034,0.480,17.304,0.000,48.253,66.912,155.267,0.037,-1.085,17.383,1.456,41.270,0.000,0.000,0.000,0.000,0.000,0.000,0.000,22.000,2.000,2024.000,9.000,58.000,11.000
206.000,407.430,988.695,15.360,1.194,954.706,39.993,439819.518,0.000,0.000,0.000,0.000,10.000,0.000,66.890,0.000,0.030,-0.169,17.305,0.000,48.201,66.901,153.730,0.023,-0.911,17.385,0.236,41.301,0.000,0.000,0.000,0.000,0.000,0.000,0.000,22.000,2.000,2024.000,9.000,58.000,11.000
206.000,407.430,988.695,15.360,1.194,954.706,39.993,439819.518,0.000,0.000,0.000,0.000,10.000,0.000,66.868,0.000,0.057,0.687,17.316,0.000,48.253,66.904,154.533,0.037,-0.753,17.352,0.502,41.252,0.000,0.000,0.000,0.000,0.000,0.000,0.000,22.000,2.000,2024.000,9.000,58.000,11.000
206.000,407.482,988.696,15.360,1.194,954.829,39.995,439848.017,0.000,0.000,0.000,0.000,10.000,0.000,67.013,0.000,0.056,-0.142,17.319,0.000,48.299,66.933,153.185,0.038,-0.589,17.343,1.010,41.305,0.000,0.000,0.000,0.000,0.000,0.000,0.000,22.000,2.000,2024.000,9.000,58.000,11.000
206.000,407.482,988.696,15.360,1.194,954.829,39.995,439848.017,0.000,0.000,0.000,0.000,10.000,0.000,66.915,0.000,0.051,-0.464,17.317,0.000,48.288,66.869,150.615,0.025,-0.338,17.363,0.413,41.305,0.000,0.000,0.000,0.000,0.000,0.000,0.000,22.000,2.000,2024.000,9.000,58.000,11.000
206.000,407.557,988.694,15.360,1.194,955.006,39.999,439888.353,0.000,0.000,0.000,0.000,10.000,0.000,66.809,0.000,0.045,-0.245,17.316,0.000,48.362,66.896,152.316,0.037,-0.458,17.372,0.784,41.245,0.000,0.000,0.000,0.000,0.000,0.000,0.000,22.000,2.000,2024.000,9.000,58.000,11.000
206.000,407.557,988.694,15.360,1.194,955.006,39.999,439888.353,0.000,0.000,0.000,0.000,10.000,0.000,66.907,0.000,0.055,0.665,17.315,0.000,48.320,66.928,154.348,0.031,-0.485,17.377,0.272,41.280,0.000,0.000,0.000,0.000,0.000,0.000,0.000,22.000,2.000,2024.000,9.000,58.000,11.000
206.000,407.625,988.698,15.360,1.194,955.166,40.002,439926.214,0.000,0.000,0.000,0.000,10.000,0.000,66.977,0.000,0.018,-0.316,17.314,0.000,48.232,66.896,152.954,0.022,-0.442,17.381,0.830,41.277,0.000,0.000,0.000,0.000,0.000,0.000,0.000,22.000,2.000,2024.000,9.000,58.000,11.000
206.000,407.625,988.698,15.360,1.194,955.166,40.002,439926.214,0.000,0.000,0.000,0.000,10.000,0.000,66.963,0.000,0.050,0.791,17.305,0.000,48.232,66.890,150.520,0.029,-0.207,17.382,0.517,41.266,0.000,0.000,0.000,0.000,0.000,0.000,0.000,22.000,2.000,2024.000,9.000,58.000,11.000
206.000,407.635,988.696,15.360,1.194,955.190,40.003,439931.206,0.000,0.000,0.000,0.000,10.000,0.000,66.852,0.000,0.065,-0.600,17.297,0.000,48.187,66.936,150.811,0.022,-0.474,17.384,1.151,41.259,0.000,0.000,0.000,0.000,0.000,0.000,0.000,22.000,2.000,2024.000,9.000,58.000,11.000
206.000,407.635,988.696,15.360,1.194,955.190,40.003,439931.206,0.000,0.000,0.000,0.000,10.000,0.000,66.810,0.000,0.064,-0.889,17.294,0.000,48.201,66.892,152.942,0.015,-0.267,17.382,0.992,41.284,0.000,0.000,0.000,0.000,0.000,0.000,0.000,22.000,2.000,2024.000,9.000,58.000,12.000
206.000,407.676,988.697,15.360,1.194,955.287,40.005,439953.718,0.000,0.000,0.000,0.000,10.000,0.000,66.921,0.000,0.093,-0.807,17.291,0.000,48.362,66.882,154.843,0.021,-0.944,17.379,0.864,41.340,0.000,0.000,0.000,0.000,0.000,0.000,0.000,22.000,2.000,2024.000,9.000,58.000,12.000
206.000,407.676,988.697,15.360,1.194,955.287,40.005,439953.718,0.000,0.000,0.000,0.000,10.000,0.000,66.874,0.000,0.044,-0.933,17.292,0.000,48.250,66.910,154.181,0.037,-0.829,17.377,0.424,41.221,0.000,0.000,0.000,0.000,0.000,0.000,0.000,22.000,2.000,2024.000,9.000,58.000,12.000
206.000,407.676,988.697,15.360,1.194,955.287,40.005,439953.718,0.000,0.000,0.000,0.000,10.000,0.000,66.830,0.000,0.041,-0.633,17.296,0.000,48.327,66.881,156.324,0.037,-1.069,17.371,0.659,41.316,0.000,0.000,0.000,0.000,0.000,0.000,0.000,22.000,2.000,2024.000,9.000,58.000,12.000
206.000,407.707,988.695,15.360,1.194,955.360,40.006,439970.125,0.000,0.000,0.000,0.000,10.000,0.000,66.898,0.000,0.052,-1.058,17.296,0.000,48.309,66.893,156.930,0.033,-0.834,17.376,0.254,41.330,0.000,0.000,0.000,0.000,0.000,0.000,0.000,22.000,2.000,2024.000,9.000,58.000,12.000
206.000,407.707,988.695,15.360,1.194,955.360,40.006,439970.125,0.000,0.000,0.000,0.000,10.000,0.000,67.215,0.000,0.151,-0.136,17.299,0.000,48.138,66.920,153.201,0.041,0.011,17.396,3.192,41.277,0.000,0.000,0.000,0.000,0.000,0.000,0.000,22.000,2.000,2024.000,9.000,58.000,12.000
206.000,407.699,988.698,15.360,1.194,955.341,40.006,439966.444,0.000,0.000,0.000,0.000,10.000,0.000,67.031,0.000,0.048,-0.496,17.298,0.000,48.285,66.900,143.109,0.036,-1.020,17.394,1.281,41.312,0.000,0.000,0.000,0.000,0.000,0.000,0.000,22.000,2.000,2024.000,9.000,58.000,12.000
206.000,407.699,988.698,15.360,1.194,955.341,40.006,439966.444,0.000,0.000,0.000,0.000,10.000,0.000,66.989,0.000,0.094,-0.387,17.293,0.000,48.229,66.905,140.486,0.040,-0.556,17.376,0.912,41.333,0.000,0.000,0.000,0.000,0.000,0.000,0.000,22.000,2.000,2024.000,9.000,58.000,12.000
206.000,407.701,988.698,15.360,1.194,955.346,40.006,439967.531,0.000,0.000,0.000,0.000,10.000,0.000,66.930,0.000,0.115,-0.698,17.293,0.000,48.145,66.882,136.464,0.038,-1.200,17.376,0.704,41.326,0.000,0.000,0.000,0.000,0.000,0.000,0.000,22.000,2.000,2024.000,9.000,58.000,12.000
206.000,407.701,988.698,15.360,1.194,955.346,40.006,439967.531,0.000,0.000,0.000,0.000,10.000,0.000,66.943,0.000,0.062,-1.107,17.305,0.000,48.208,66.894,135.378,0.020,-1.036,17.382,0.666,41.298,0.000,0.000,0.000,0.000,0.000,0.000,0.000,22.000,2.000,2024.000,9.000,58.000,12.000
206.000,407.706,988.701,15.360,1.194,955.357,40.006,439970.917,0.000,0.000,0.000,0.000,10.000,0.000,66.900,0.000,0.078,-0.971,17.305,0.000,48.281,66.896,134.231,0.033,-1.129,17.382,0.430,41.294,0.000,0.000,0.000,0.000,0.000,0.000,0.000,22.000,2.000,2024.000,9.000,58.000,13.000
206.000,407.706,988.701,15.360,1.194,955.357,40.006,439970.917,0.000,0.000,0.000,0.000,10.000,0.000,66.941,0.000,0.088,-0.927,17.302,0.000,48.299,66.887,134.730,0.025,-1.074,17.373,0.723,41.322,0.000,0.000,0.000,0.000,0.000,0.000,0.000,22.000,2.000,2024.000,9.000,58.000,13.000
206.000,407.706,988.701,15.360,1.194,955.357,40.006,439970.917,0.000,0.000,0.000,0.000,10.000,0.000,66.918,0.000,0.109,-0.611,17.302,0.000,48.187,66.873,130.947,0.030,-0.622,17.373,0.661,41.316,0.000,0.000,0.000,0.000,0.000,0.000,0.000,22.000,2.000,2024.000,9.000,58.000,13.000
206.000,407.698,988.697,15.360,1.194,955.338,40.006,439965.678,0.000,0.000,0.000,0.000,10.000,0.000,66.898,0.000,0.035,-0.916,17.315,0.000,48.267,66.890,131.399,0.020,-0.731,17.383,0.074,41.319,0.000,0.000,0.000,0.000,0.000,0.000,0.000,22.000,2.000,2024.000,9.000,58.000,13.000
206.000,407.698,988.697,15.360,1.194,955.338,40.006,439965.678,0.000,0.000,0.000,0.000,10.000,0.000,67.076,0.000,0.058,0.071,17.318,0.000,48.274,66.925,128.433,0.030,-0.709,17.386,1.778,41.266,0.000,0.000,0.000,0.000,0.000,0.000,0.000,22.000,2.000,2024.000,9.000,58.000,13.000
206.000,407.681,988.697,15.360,1.194,955.298,40.005,439956.436,0.000,0.000,0.000,0.000,10.000,0.000,66.898,0.000,0.089,-0.763,17.321,0.000,48.229,66.911,125.728,0.064,-0.824,17.374,0.258,41.358,0.000,0.000,0.000,0.000,0.000,0.000,0.000,22.000,2.000,2024.000,9.000,58.000,13.000
206.000,407.681,988.697,15.360,1.194,955.298,40.005,439956.436,0.000,0.000,0.000,0.000,10.000,0.000,66.722,0.000,0.029,-0.894,17.323,0.000,48.323,66.897,129.181,0.037,-0.922,17.368,2.037,41.294,0.000,0.000,0.000,0.000,0.000,0.000,0.000,22.000,2.000,2024.000,9.000,58.000,13.000
206.000,407.633,988.697,15.360,1.194,955.185,40.003,439930.341,0.000,0.000,0.000,0.000,10.000,0.000,66.857,0.000,0.029,-0.704,17.312,0.000,48.222,66.888,133.440,0.036,-0.627,17.388,0.325,41.294,0.000,0.000,0.000,0.000,0.000,0.000,0.000,22.000,2.000,2024.000,9.000,58.000,13.000
206.000,407.633,988.697,15.360,1.194,955.185,40.003,439930.341,0.000,0.000,0.000,0.000,10.000,0.000,66.742,0.000,0.054,-0.267,17.305,0.000,48.292,66.904,136.376,0.037,-1.020,17.402,1.825,41.259,0.000,0.000,0.000,0.000,0.000,0.000,0.000,22.000,2.000,2024.000,9.000,58.000,13.000
206.000,407.583,988.699,15.360,1.194,955.067,40.000,439903.601,0.000,0.000,0.000,0.000,10.000,0.000,66.848,0.000,0.068,0.731,17.306,0.000,48.344,66.929,141.532,0.049,-0.556,17.393,0.842,41.305,0.000,0.000,0.000,0.000,0.000,0.000,0.000,22.000,2.000,2024.000,9.000,58.000,13.000
206.000,407.583,988.699,15.360,1.194,955.067,40.000,439903.601,0.000,0.000,0.000,0.000,10.000,0.000,66.886,0.000,0.052,0.115,17.306,0.000,48.253,66.917,142.862,0.035,-0.393,17.385,0.308,41.221,0.000,0.000,0.000,0.000,0.000,0.000,0.000,22.000,2.000,2024.000,9.000,58.000,14.000
206.000,407.567,988.700,15.360,1.194,955.029,39.999,439895.125,0.000,0.000,0.000,0.000,10.000,0.000,66.896,0.000,0.078,0.731,17.308,0.000,48.313,66.931,144.460,0.046,-0.485,17.377,0.428,41.291,0.000,0.000,0.000,0.000,0.000,0.000,0.000,22.000,2.000,2024.000,9.000,58.000,14.000
206.000,407.567,988.700,15.360,1.194,955.029,39.999,439895.125,0.000,0.000,0.000,0.000,10.000,0.000,66.840,0.000,0.052,-0.213,17.312,0.000,48.348,66.897,145.739,0.043,-0.753,17.366,0.459,41.263,0.000,0.000,0.000,0.000,0.000,0.000,0.000,22.000,2.000,2024.000,9.000,58.000,14.000
206.000,407.567,988.700,15.360,1.194,955.029,39.999,439895.125,0.000,0.000,0.000,0.000,10.000,0.000,66.814,0.000,0.025,0.267,17.314,0.000,48.351,66.941,149.121,0.034,-0.453,17.373,1.442,41.259,0.000,0.000,0.000,0.000,0.000,0.000,0.000,22.000,2.000,2024.000,9.000,58.000,14.000
206.000,407.566,988.699,15.360,1.194,955.027,39.999,439894.358,0.000,0.000,0.000,0.000,10.000,0.000,66.793,0.000,0.064,-0.840,17.321,0.000,48.337,66.914,153.391,0.015,-0.987,17.387,1.487,41.256,0.000,0.000,0.000,0.000,0.000,0.000,0.000,22.000,2.000,2024.000,9.000,58.000,14.000
206.000,407.566,988.699,15.360,1.194,955.027,39.999,439894.358,0.000,0.000,0.000,0.000,10.000,0.000,66.936,0.000,0.110,-0.845,17.318,0.000,48.369,66.881,155.984,0.033,-0.633,17.385,0.730,41.273,0.000,0.000,0.000,0.000,0.000,0.000,0.000,22.000,2.000,2024.000,9.000,58.000,14.000
206.000,407.562,988.701,15.360,1.194,955.017,39.999,439892.628,0.000,0.000,0.000,0.000,10.000,0.000,66.966,0.000,0.130,-0.622,17.306,0.000,48.306,66.879,151.448,0.038,-1.145,17.375,0.968,41.256,0.000,0.000,0.000,0.000,0.000,0.000,0.000,22.000,2.000,2024.000,9.000,58.000,14.000
