  Run_nr	   Alpha	    Beta	      CL	      CD	    Cyaw	 Cm_p_qc	      Ct	      Cn	   Cside	 Cm_roll	Cm_pitch	  Cm_yaw	       V	      Re	       M
       /	 degrees	 degrees	       /	       /	       /	       /	       /	       /	       /	       /	       /	       /	     m/s	       /	       /
       1	  10.000	   0.000	  1.1697	0.110683	 0.00110	 0.24138	-0.094122	  1.1712	0.001102	-0.00343	-0.05389	-0.00079	   20.09	1.727E+5	   0.059	        	        	        	        	        	        	        	        	        	        	        	        	        	        	        	        	        
       2	   5.005	   0.000	  0.8184	0.064232	 0.00541	 0.13996	-0.007408	  0.8209	0.005413	-0.00370	-0.06670	-0.00099	   20.09	1.727E+5	   0.059	        	        	        	        	        	        	        	        	        	        	        	        	        	        	        	        	        
       3	   0.000	   0.000	  0.3184	0.048229	 0.00883	 0.03822	0.048228	  0.3184	0.008833	-0.00353	-0.04177	-0.00035	   20.12	1.729E+5	   0.059	        	        	        	        	        	        	        	        	        	        	        	        	        	        	        	        	        
       4	  -5.000	   0.000	 -0.2043	0.054529	 0.00879	 0.10098	0.036516	 -0.2083	0.008795	-0.00326	 0.15201	 0.00063	   20.11	1.728E+5	   0.059	        	        	        	        	        	        	        	        	        	        	        	        	        	        	        	        	        
       5	  -5.000	   0.000	 -0.2966	0.047424	 0.00287	 0.07783	0.021394	 -0.2996	0.002873	-0.00251	 0.15192	 0.00018	   40.21	3.445E+5	   0.118	        	        	        	        	        	        	        	        	        	        	        	        	        	        	        	        	        
       6	  -0.005	   0.000	  0.2392	0.041597	 0.00350	 0.03278	0.041616	  0.2392	0.003501	-0.00219	-0.02737	-0.00049	   40.21	3.442E+5	   0.118	        	        	        	        	        	        	        	        	        	        	        	        	        	        	        	        	        
       7	   5.000	   0.000	  0.7398	0.057302	 0.00158	 0.04605	-0.007392	  0.7420	0.001577	-0.00258	-0.13992	-0.00011	   40.20	3.440E+5	   0.118	        	        	        	        	        	        	        	        	        	        	        	        	        	        	        	        	        
       8	  10.000	   0.000	  1.0788	0.106898	 0.00090	-0.03778	-0.082048	  1.0809	0.000900	-0.00229	-0.30762	-0.00068	   40.21	3.440E+5	   0.118	        	        	        	        	        	        	        	        	        	        	        	        	        	        	        	        	        
