  Run_nr	   Alpha	    Beta	      CL	      CD	    Cyaw	 Cm_p_qc	      Ct	      Cn	   Cside	 Cm_roll	Cm_pitch	  Cm_yaw	       V	      Re	       M
       /	 degrees	 degrees	       /	       /	       /	       /	       /	       /	       /	       /	       /	       /	     m/s	       /	       /
       1	  -4.995	   0.000	 -0.3063	0.073503	-0.00551	 0.09082	0.046549	 -0.3116	-0.005511	-0.00071	 0.16777	 0.00258	   40.19	3.466E+5	   0.118	        	        	        	        	        	        	        	        	        	        	        	        	        	        	        	        	        
       2	  -0.005	   0.000	  0.2258	0.068138	-0.00004	 0.04863	0.068156	  0.2258	-0.000042	 0.00031	-0.00833	 0.00080	   40.18	3.463E+5	   0.118	        	        	        	        	        	        	        	        	        	        	        	        	        	        	        	        	        
       3	   5.000	   0.000	  0.7248	0.083882	 0.00329	 0.06178	0.020390	  0.7294	0.003293	 0.00076	-0.12121	-0.00055	   40.24	3.465E+5	   0.118	        	        	        	        	        	        	        	        	        	        	        	        	        	        	        	        	        
       4	  10.000	   0.000	  1.0583	0.131963	 0.00498	-0.02268	-0.053807	  1.0651	0.004978	 0.00115	-0.28872	-0.00176	   40.22	3.462E+5	   0.118	        	        	        	        	        	        	        	        	        	        	        	        	        	        	        	        	        
       5	  10.000	   0.000	  1.0620	0.129310	 0.00520	-0.02582	-0.057075	  1.0684	0.005197	 0.00116	-0.29265	-0.00170	   40.22	3.462E+5	   0.118	        	        	        	        	        	        	        	        	        	        	        	        	        	        	        	        	        
       6	   5.005	   0.000	  0.7274	0.082211	 0.00310	 0.06102	0.018439	  0.7318	0.003099	 0.00061	-0.12257	-0.00050	   40.20	3.457E+5	   0.118	        	        	        	        	        	        	        	        	        	        	        	        	        	        	        	        	        
       7	   0.000	   0.000	  0.2282	0.066328	 0.00021	 0.04803	0.066327	  0.2282	0.000209	 0.00019	-0.00952	 0.00065	   40.20	3.455E+5	   0.118	        	        	        	        	        	        	        	        	        	        	        	        	        	        	        	        	        
       8	  -5.000	   0.000	 -0.3102	0.071792	-0.00266	 0.09194	0.044485	 -0.3153	-0.002661	-0.00047	 0.16981	 0.00232	   40.19	3.452E+5	   0.118	        	        	        	        	        	        	        	        	        	        	        	        	        	        	        	        	        
       9	  -5.000	   0.000	 -0.3116	0.068952	-0.00401	 0.09266	0.041531	 -0.3165	-0.004006	-0.00060	 0.17081	 0.00206	   40.21	3.452E+5	   0.118	        	        	        	        	        	        	        	        	        	        	        	        	        	        	        	        	        
      10	  -0.005	   0.000	  0.2246	0.065064	 0.00089	 0.04823	0.065082	  0.2246	0.000887	 0.00046	-0.00843	 0.00047	   40.21	3.451E+5	   0.118	        	        	        	        	        	        	        	        	        	        	        	        	        	        	        	        	        
      11	   5.000	   0.000	  0.7251	0.080998	 0.00300	 0.06089	0.017490	  0.7294	0.003004	 0.00073	-0.12211	-0.00042	   40.21	3.451E+5	   0.118	        	        	        	        	        	        	        	        	        	        	        	        	        	        	        	        	        
      12	  10.000	   0.000	  1.0662	0.124966	 0.00606	-0.03115	-0.062076	  1.0717	0.006056	 0.00115	-0.29876	-0.00178	   40.22	3.453E+5	   0.118	        	        	        	        	        	        	        	        	        	        	        	        	        	        	        	        	        
      13	  10.000	   0.000	  1.0947	0.137187	 0.00544	 0.24367	-0.054989	  1.1019	0.005438	 0.00065	-0.03430	-0.00201	   20.10	1.730E+5	   0.059	        	        	        	        	        	        	        	        	        	        	        	        	        	        	        	        	        
      14	   5.005	   0.000	  0.7488	0.091450	 0.00726	 0.14333	0.025775	  0.7540	0.007256	 0.00043	-0.04663	-0.00161	   20.11	1.732E+5	   0.059	        	        	        	        	        	        	        	        	        	        	        	        	        	        	        	        	        
      15	   0.000	   0.000	  0.2474	0.074855	 0.00588	 0.04841	0.074854	  0.2474	0.005876	-0.00022	-0.01394	 0.00068	   20.10	1.731E+5	   0.059	        	        	        	        	        	        	        	        	        	        	        	        	        	        	        	        	        
      16	  -5.000	   0.000	 -0.2735	0.081263	 0.00191	 0.11514	0.057121	 -0.2795	0.001911	-0.00083	 0.18383	 0.00280	   20.10	1.731E+5	   0.059	        	        	        	        	        	        	        	        	        	        	        	        	        	        	        	        	        
      17	  -5.000	   0.000	 -0.2727	0.079865	 0.00297	 0.11270	0.055793	 -0.2786	0.002968	-0.00055	 0.18121	 0.00230	   20.10	1.731E+5	   0.059	        	        	        	        	        	        	        	        	        	        	        	        	        	        	        	        	        
      18	  -0.005	   0.000	  0.2459	0.073301	 0.00641	 0.04296	0.073321	  0.2459	0.006413	-0.00005	-0.01895	 0.00057	   20.09	1.730E+5	   0.059	        	        	        	        	        	        	        	        	        	        	        	        	        	        	        	        	        
      19	   5.000	   0.000	  0.7456	0.089107	 0.00697	 0.14188	0.023789	  0.7505	0.006968	 0.00037	-0.04719	-0.00141	   20.11	1.732E+5	   0.059	        	        	        	        	        	        	        	        	        	        	        	        	        	        	        	        	        
      20	  10.000	   0.000	  1.0997	0.134703	 0.00518	 0.24157	-0.058304	  1.1064	0.005176	 0.00066	-0.03751	-0.00171	   20.11	1.733E+5	   0.059	        	        	        	        	        	        	        	        	        	        	        	        	        	        	        	        	        
      21	  10.000	   0.000	  1.1019	0.131160	 0.00536	 0.23430	-0.062178	  1.1080	0.005360	 0.00048	-0.04509	-0.00168	   20.11	1.733E+5	   0.059	        	        	        	        	        	        	        	        	        	        	        	        	        	        	        	        	        
      22	   5.005	   0.000	  0.7492	0.088708	 0.00578	 0.14152	0.023010	  0.7541	0.005782	 0.00007	-0.04846	-0.00119	   20.11	1.733E+5	   0.059	        	        	        	        	        	        	        	        	        	        	        	        	        	        	        	        	        
      23	   0.000	   0.000	  0.2477	0.072623	 0.00793	 0.04369	0.072622	  0.2477	0.007927	-0.00003	-0.01869	 0.00006	   20.11	1.733E+5	   0.059	        	        	        	        	        	        	        	        	        	        	        	        	        	        	        	        	        
      24	  -5.000	   0.000	 -0.2741	0.076572	 0.00479	 0.11702	0.052393	 -0.2797	0.004790	-0.00035	 0.18575	 0.00180	   20.10	1.732E+5	   0.059	        	        	        	        	        	        	        	        	        	        	        	        	        	        	        	        	        
