  Run_nr	   Alpha	    Beta	      CL	      CD	    Cyaw	 Cm_p_qc	      Ct	      Cn	   Cside	 Cm_roll	Cm_pitch	  Cm_yaw	       V	      Re	       M
       /	 degrees	 degrees	       /	       /	       /	       /	       /	       /	       /	       /	       /	       /	     m/s	       /	       /
      37	   0.005	   0.000	  0.1306	0.071369	-0.00178	 0.30883	0.071358	  0.1306	-0.001779	-0.00263	 0.27296	 0.00134	   40.20	3.448E+5	   0.118	        	        	        	        	        	        	        	        	        	        	        	        	        	        	        	        	        
      38	   0.005	   0.000	  0.1309	0.069572	-0.00128	 0.30697	0.069561	  0.1309	-0.001277	-0.00266	 0.27104	 0.00123	   40.21	3.445E+5	   0.118	        	        	        	        	        	        	        	        	        	        	        	        	        	        	        	        	        
      39	   0.005	   0.000	  0.1303	0.068281	-0.00047	 0.30719	0.068271	  0.1304	-0.000469	-0.00239	 0.27141	 0.00102	   40.21	3.444E+5	   0.118	        	        	        	        	        	        	        	        	        	        	        	        	        	        	        	        	        
      40	  -5.000	   0.000	 -0.4073	0.082875	-0.00466	 0.35684	0.047066	 -0.4129	-0.004658	-0.00352	 0.45636	 0.00303	   40.21	3.439E+5	   0.118	        	        	        	        	        	        	        	        	        	        	        	        	        	        	        	        	        
      41	   4.995	   0.000	  0.6336	0.081511	 0.00195	 0.30604	0.026031	  0.6383	0.001950	-0.00181	 0.14327	-0.00024	   40.20	3.438E+5	   0.118	        	        	        	        	        	        	        	        	        	        	        	        	        	        	        	        	        
      42	  10.000	   0.000	  0.9729	0.124726	 0.00400	 0.22629	-0.046106	  0.9798	0.003995	-0.00087	-0.02101	-0.00160	   40.21	3.439E+5	   0.118	        	        	        	        	        	        	        	        	        	        	        	        	        	        	        	        	        
      43	  10.000	   0.000	  0.9759	0.121925	 0.00439	 0.22367	-0.049391	  0.9823	0.004389	-0.00077	-0.02423	-0.00157	   40.22	3.441E+5	   0.118	        	        	        	        	        	        	        	        	        	        	        	        	        	        	        	        	        
      44	   5.005	   0.000	  0.6368	0.079800	 0.00183	 0.30454	0.023943	  0.6413	0.001828	-0.00191	 0.14103	-0.00023	   40.21	3.439E+5	   0.118	        	        	        	        	        	        	        	        	        	        	        	        	        	        	        	        	        
      45	  -5.000	   0.000	 -0.4099	0.081325	-0.00360	 0.35807	0.045293	 -0.4154	-0.003595	-0.00331	 0.45819	 0.00273	   40.21	3.437E+5	   0.118	        	        	        	        	        	        	        	        	        	        	        	        	        	        	        	        	        
      46	  -5.000	   0.000	 -0.4126	0.078165	-0.00302	 0.36102	0.041905	 -0.4179	-0.003018	-0.00323	 0.46172	 0.00248	   40.21	3.436E+5	   0.118	        	        	        	        	        	        	        	        	        	        	        	        	        	        	        	        	        
      47	   4.995	   0.000	  0.6345	0.078640	 0.00199	 0.30430	0.023094	  0.6390	0.001988	-0.00169	 0.14139	-0.00016	   40.21	3.435E+5	   0.118	        	        	        	        	        	        	        	        	        	        	        	        	        	        	        	        	        
      48	  10.000	   0.000	  0.9787	0.117593	 0.00548	 0.22132	-0.054143	  0.9843	0.005479	-0.00069	-0.02705	-0.00170	   40.21	3.435E+5	   0.118	        	        	        	        	        	        	        	        	        	        	        	        	        	        	        	        	        
