  Run_nr	   Alpha	    Beta	      CL	      CD	    Cyaw	 Cm_p_qc	      Ct	      Cn	   Cside	 Cm_roll	Cm_pitch	  Cm_yaw	       V	      Re	       M
       /	 degrees	 degrees	       /	       /	       /	       /	       /	       /	       /	       /	       /	       /	     m/s	       /	       /
      25	  -5.000	   0.000	 -0.2258	0.071089	-0.00368	-0.16822	0.051138	 -0.2312	-0.003684	-0.00277	-0.10868	 0.00230	   40.21	3.459E+5	   0.118	        	        	        	        	        	        	        	        	        	        	        	        	        	        	        	        	        
      26	  -0.005	   0.000	  0.3045	0.071240	 0.00112	-0.20332	0.071265	  0.3045	0.001120	-0.00185	-0.27733	 0.00049	   40.20	3.455E+5	   0.118	        	        	        	        	        	        	        	        	        	        	        	        	        	        	        	        	        
      27	   5.000	   0.000	  0.8036	0.092660	 0.00476	-0.19310	0.022273	  0.8086	0.004756	-0.00135	-0.39323	-0.00104	   40.20	3.454E+5	   0.118	        	        	        	        	        	        	        	        	        	        	        	        	        	        	        	        	        
      28	  10.000	   0.000	  1.1413	0.145408	 0.00602	-0.29095	-0.054992	  1.1493	0.006018	-0.00050	-0.57523	-0.00208	   40.20	3.452E+5	   0.118	        	        	        	        	        	        	        	        	        	        	        	        	        	        	        	        	        
      29	  10.000	   0.000	  1.1453	0.142717	 0.00641	-0.29600	-0.058321	  1.1526	0.006412	-0.00044	-0.58107	-0.00203	   40.21	3.452E+5	   0.118	        	        	        	        	        	        	        	        	        	        	        	        	        	        	        	        	        
      30	   5.005	   0.000	  0.8057	0.091026	 0.00421	-0.19258	0.020393	  0.8106	0.004211	-0.00158	-0.39322	-0.00092	   40.20	3.451E+5	   0.118	        	        	        	        	        	        	        	        	        	        	        	        	        	        	        	        	        
      31	   0.000	   0.000	  0.3064	0.069471	 0.00151	-0.20292	0.069470	  0.3064	0.001512	-0.00198	-0.27741	 0.00036	   40.22	3.452E+5	   0.118	        	        	        	        	        	        	        	        	        	        	        	        	        	        	        	        	        
      32	  -5.000	   0.000	 -0.2285	0.069412	-0.00179	-0.16635	0.049230	 -0.2337	-0.001792	-0.00256	-0.10619	 0.00207	   40.21	3.448E+5	   0.118	        	        	        	        	        	        	        	        	        	        	        	        	        	        	        	        	        
      33	  -5.000	   0.000	 -0.2302	0.066657	-0.00141	-0.16534	0.046336	 -0.2352	-0.001411	-0.00250	-0.10482	 0.00189	   40.22	3.448E+5	   0.118	        	        	        	        	        	        	        	        	        	        	        	        	        	        	        	        	        
      34	  -0.005	   0.000	  0.3034	0.068177	 0.00165	-0.20138	0.068202	  0.3034	0.001649	-0.00181	-0.27513	 0.00025	   40.21	3.446E+5	   0.118	        	        	        	        	        	        	        	        	        	        	        	        	        	        	        	        	        
      35	   5.000	   0.000	  0.8033	0.089635	 0.00400	-0.19297	0.019288	  0.8080	0.003996	-0.00150	-0.39296	-0.00077	   40.20	3.445E+5	   0.118	        	        	        	        	        	        	        	        	        	        	        	        	        	        	        	        	        
      36	  10.000	   0.000	  1.1493	0.138294	 0.00679	-0.30406	-0.063369	  1.1558	0.006791	-0.00046	-0.58984	-0.00204	   40.22	3.447E+5	   0.118	        	        	        	        	        	        	        	        	        	        	        	        	        	        	        	        	        
