202.000,407.836,988.859,15.240,1.195,955.664,40.001,440310.558,0.000,0.000,0.000,0.000,5.005,0.000,59.099,0.000,0.006,-0.851,17.053,0.000,41.358,59.089,165.139,0.022,-1.358,17.155,0.140,39.047,0.000,0.000,0.000,0.000,0.000,0.000,0.000,22.000,2.000,2024.000,9.000,54.000,55.000
202.000,407.836,988.859,15.240,1.195,955.664,40.001,440310.558,0.000,0.000,0.000,0.000,5.005,0.000,59.098,0.000,0.007,-0.709,17.055,0.000,41.364,59.099,165.129,0.016,-0.725,17.155,0.058,39.023,0.000,0.000,0.000,0.000,0.000,0.000,0.000,22.000,2.000,2024.000,9.000,54.000,56.000
202.000,407.837,988.858,15.240,1.195,955.667,40.001,440310.879,0.000,0.000,0.000,0.000,5.005,0.000,59.109,0.000,0.010,-0.900,17.042,0.000,41.364,59.101,164.987,0.014,-0.862,17.133,0.161,39.030,0.000,0.000,0.000,0.000,0.000,0.000,0.000,22.000,2.000,2024.000,9.000,54.000,56.000
202.000,407.837,988.858,15.240,1.195,955.667,40.001,440310.879,0.000,0.000,0.000,0.000,5.005,0.000,59.096,0.000,0.008,-1.489,17.037,0.000,41.358,59.104,164.954,0.022,-1.669,17.124,0.106,39.051,0.000,0.000,0.000,0.000,0.000,0.000,0.000,22.000,2.000,2024.000,9.000,54.000,56.000
202.000,407.837,988.858,15.240,1.195,955.667,40.001,440310.879,0.000,0.000,0.000,0.000,5.005,0.000,59.092,0.000,0.009,-0.311,17.047,0.000,41.364,59.095,165.142,0.018,-0.916,17.134,0.034,39.047,0.000,0.000,0.000,0.000,0.000,0.000,0.000,22.000,2.000,2024.000,9.000,54.000,56.000
202.000,407.847,988.857,15.240,1.195,955.690,40.002,440316.095,0.000,0.000,0.000,0.000,5.005,0.000,59.103,0.000,0.012,-0.611,17.054,0.000,41.371,59.103,165.224,0.020,-0.611,17.140,0.048,39.016,0.000,0.000,0.000,0.000,0.000,0.000,0.000,22.000,2.000,2024.000,9.000,54.000,56.000
202.000,407.847,988.857,15.240,1.195,955.690,40.002,440316.095,0.000,0.000,0.000,0.000,5.005,0.000,59.099,0.000,0.010,-0.851,17.044,0.000,41.364,59.097,164.967,0.020,-0.769,17.142,0.023,39.023,0.000,0.000,0.000,0.000,0.000,0.000,0.000,22.000,2.000,2024.000,9.000,54.000,56.000
202.000,407.861,988.859,15.240,1.195,955.723,40.002,440324.155,0.000,0.000,0.000,0.000,5.005,0.000,59.094,0.000,0.005,-1.014,17.034,0.000,41.361,59.101,165.080,0.014,-1.303,17.144,0.081,39.044,0.000,0.000,0.000,0.000,0.000,0.000,0.000,22.000,2.000,2024.000,9.000,54.000,56.000
202.000,407.861,988.859,15.240,1.195,955.723,40.002,440324.155,0.000,0.000,0.000,0.000,5.005,0.000,59.092,0.000,0.009,-1.456,17.028,0.000,41.364,59.104,165.320,0.023,-1.669,17.140,0.131,39.051,0.000,0.000,0.000,0.000,0.000,0.000,0.000,22.000,2.000,2024.000,9.000,54.000,56.000
202.000,407.880,988.857,15.240,1.195,955.768,40.003,440334.043,0.000,0.000,0.000,0.000,5.005,0.000,59.088,0.000,0.006,-0.262,17.017,0.000,41.368,59.096,165.840,0.016,-0.785,17.134,0.079,39.040,0.000,0.000,0.000,0.000,0.000,0.000,0.000,22.000,2.000,2024.000,9.000,54.000,56.000
202.000,407.880,988.857,15.240,1.195,955.768,40.003,440334.043,0.000,0.000,0.000,0.000,5.005,0.000,59.101,0.000,0.003,-0.862,17.022,0.000,41.364,59.104,165.974,0.019,-0.856,17.140,0.057,39.005,0.000,0.000,0.000,0.000,0.000,0.000,0.000,22.000,2.000,2024.000,9.000,54.000,56.000
202.000,407.898,988.857,15.240,1.195,955.811,40.004,440343.832,0.000,0.000,0.000,0.000,5.005,0.000,59.099,0.000,0.003,-1.069,17.033,0.000,41.364,59.100,166.279,0.019,-1.402,17.153,0.060,39.044,0.000,0.000,0.000,0.000,0.000,0.000,0.000,22.000,2.000,2024.000,9.000,54.000,57.000
202.000,407.898,988.857,15.240,1.195,955.811,40.004,440343.832,0.000,0.000,0.000,0.000,5.005,0.000,59.091,0.000,0.006,-1.511,17.034,0.000,41.368,59.097,166.368,0.014,-1.685,17.150,0.091,39.047,0.000,0.000,0.000,0.000,0.000,0.000,0.000,22.000,2.000,2024.000,9.000,54.000,57.000
202.000,407.911,988.855,15.240,1.195,955.841,40.005,440350.456,0.000,0.000,0.000,0.000,5.005,0.000,59.104,0.000,0.009,-0.742,17.034,0.000,41.371,59.111,166.733,0.018,-0.600,17.139,0.041,39.040,0.000,0.000,0.000,0.000,0.000,0.000,0.000,22.000,2.000,2024.000,9.000,54.000,57.000
202.000,407.911,988.855,15.240,1.195,955.841,40.005,440350.456,0.000,0.000,0.000,0.000,5.005,0.000,59.105,0.000,0.006,-0.589,17.036,0.000,41.368,59.100,166.897,0.023,-0.807,17.140,0.074,39.016,0.000,0.000,0.000,0.000,0.000,0.000,0.000,22.000,2.000,2024.000,9.000,54.000,57.000
202.000,407.911,988.855,15.240,1.195,955.841,40.005,440350.456,0.000,0.000,0.000,0.000,5.005,0.000,59.110,0.000,0.005,-0.883,17.051,0.000,41.368,59.093,166.441,0.011,-0.813,17.150,0.180,39.026,0.000,0.000,0.000,0.000,0.000,0.000,0.000,22.000,2.000,2024.000,9.000,54.000,57.000
202.000,407.934,988.854,15.240,1.195,955.896,40.006,440362.741,0.000,0.000,0.000,0.000,5.005,0.000,59.102,0.000,0.012,-1.069,17.051,0.000,41.358,59.104,166.303,0.018,-1.380,17.150,0.036,39.044,0.000,0.000,0.000,0.000,0.000,0.000,0.000,22.000,2.000,2024.000,9.000,54.000,57.000
202.000,407.934,988.854,15.240,1.195,955.896,40.006,440362.741,0.000,0.000,0.000,0.000,5.005,0.000,59.097,0.000,0.007,-0.829,17.030,0.000,41.354,59.108,166.429,0.021,-0.878,17.137,0.154,39.047,0.000,0.000,0.000,0.000,0.000,0.000,0.000,22.000,2.000,2024.000,9.000,54.000,57.000
202.000,407.931,988.856,15.240,1.195,955.889,40.006,440361.555,0.000,0.000,0.000,0.000,5.005,0.000,59.095,0.000,0.011,-0.971,17.030,0.000,41.379,59.099,166.763,0.015,-1.260,17.137,0.077,39.044,0.000,0.000,0.000,0.000,0.000,0.000,0.000,22.000,2.000,2024.000,9.000,54.000,57.000
202.000,407.931,988.856,15.240,1.195,955.889,40.006,440361.555,0.000,0.000,0.000,0.000,5.005,0.000,59.090,0.000,0.008,-0.458,17.042,0.000,41.371,59.097,166.800,0.020,-0.600,17.143,0.120,39.016,0.000,0.000,0.000,0.000,0.000,0.000,0.000,22.000,2.000,2024.000,9.000,54.000,57.000
202.000,407.895,988.858,15.240,1.195,955.804,40.004,440342.423,0.000,0.000,0.000,0.000,5.005,0.000,59.109,0.000,0.005,-0.704,17.043,0.000,41.358,59.098,166.654,0.023,-1.194,17.144,0.111,39.019,0.000,0.000,0.000,0.000,0.000,0.000,0.000,22.000,2.000,2024.000,9.000,54.000,57.000
202.000,407.895,988.858,15.240,1.195,955.804,40.004,440342.423,0.000,0.000,0.000,0.000,5.005,0.000,59.103,0.000,0.015,-1.298,17.050,0.000,41.354,59.102,166.499,0.021,-1.151,17.141,0.102,39.047,0.000,0.000,0.000,0.000,0.000,0.000,0.000,22.000,2.000,2024.000,9.000,54.000,58.000
202.000,407.865,988.859,15.240,1.195,955.733,40.002,440326.330,0.000,0.000,0.000,0.000,5.005,0.000,59.102,0.000,0.006,-1.451,17.052,0.000,41.368,59.103,166.763,0.017,-1.309,17.140,0.027,39.054,0.000,0.000,0.000,0.000,0.000,0.000,0.000,22.000,2.000,2024.000,9.000,54.000,58.000
202.000,407.865,988.859,15.240,1.195,955.733,40.002,440326.330,0.000,0.000,0.000,0.000,5.005,0.000,59.100,0.000,0.007,-0.638,17.033,0.000,41.368,59.100,166.868,0.023,-0.725,17.140,0.021,39.030,0.000,0.000,0.000,0.000,0.000,0.000,0.000,22.000,2.000,2024.000,9.000,54.000,58.000
202.000,407.862,988.855,15.240,1.195,955.726,40.002,440323.808,0.000,0.000,0.000,0.000,5.005,0.000,59.115,0.000,0.009,-0.589,17.025,0.000,41.368,59.097,166.613,0.018,-0.665,17.140,0.227,39.019,0.000,0.000,0.000,0.000,0.000,0.000,0.000,22.000,2.000,2024.000,9.000,54.000,58.000
202.000,407.862,988.855,15.240,1.195,955.726,40.002,440323.808,0.000,0.000,0.000,0.000,5.005,0.000,59.108,0.000,0.009,-1.380,17.034,0.000,41.354,59.093,166.014,0.025,-1.516,17.153,0.154,39.061,0.000,0.000,0.000,0.000,0.000,0.000,0.000,22.000,2.000,2024.000,9.000,54.000,58.000
202.000,407.862,988.855,15.240,1.195,955.726,40.002,440323.808,0.000,0.000,0.000,0.000,5.005,0.000,59.091,0.000,0.003,-1.407,17.039,0.000,41.368,59.095,165.758,0.019,-1.260,17.162,0.034,39.047,0.000,0.000,0.000,0.000,0.000,0.000,0.000,22.000,2.000,2024.000,9.000,54.000,58.000
202.000,407.868,988.850,15.240,1.195,955.740,40.003,440325.958,0.000,0.000,0.000,0.000,5.005,0.000,59.105,0.000,0.012,-0.698,17.042,0.000,41.368,59.107,165.742,0.029,-0.687,17.156,0.075,39.026,0.000,0.000,0.000,0.000,0.000,0.000,0.000,22.000,2.000,2024.000,9.000,54.000,58.000
202.000,407.868,988.850,15.240,1.195,955.740,40.003,440325.958,0.000,0.000,0.000,0.000,5.005,0.000,59.098,0.000,0.007,-0.573,17.044,0.000,41.364,59.102,165.858,0.020,-0.616,17.150,0.079,39.019,0.000,0.000,0.000,0.000,0.000,0.000,0.000,22.000,2.000,2024.000,9.000,54.000,58.000
202.000,407.856,988.852,15.240,1.195,955.711,40.002,440319.877,0.000,0.000,0.000,0.000,5.005,0.000,59.098,0.000,0.011,-0.802,17.038,0.000,41.354,59.097,165.724,0.019,-1.118,17.152,0.062,39.019,0.000,0.000,0.000,0.000,0.000,0.000,0.000,22.000,2.000,2024.000,9.000,54.000,58.000
202.000,407.856,988.852,15.240,1.195,955.711,40.002,440319.877,0.000,0.000,0.000,0.000,5.005,0.000,59.098,0.000,0.012,-1.363,17.028,0.000,41.354,59.101,165.803,0.021,-1.342,17.156,0.105,39.047,0.000,0.000,0.000,0.000,0.000,0.000,0.000,22.000,2.000,2024.000,9.000,54.000,58.000
202.000,407.831,988.853,15.240,1.195,955.652,40.001,440306.503,0.000,0.000,0.000,0.000,5.005,0.000,59.096,0.000,0.004,-1.472,17.028,0.000,41.368,59.099,165.925,0.020,-1.314,17.157,0.029,39.047,0.000,0.000,0.000,0.000,0.000,0.000,0.000,22.000,2.000,2024.000,9.000,54.000,59.000
202.000,407.831,988.853,15.240,1.195,955.652,40.001,440306.503,0.000,0.000,0.000,0.000,5.005,0.000,59.097,0.000,0.008,-0.633,17.027,0.000,41.368,59.096,166.066,0.016,-0.813,17.161,0.027,39.037,0.000,0.000,0.000,0.000,0.000,0.000,0.000,22.000,2.000,2024.000,9.000,54.000,59.000
202.000,407.844,988.853,15.240,1.195,955.683,40.002,440313.573,0.000,0.000,0.000,0.000,5.005,0.000,59.096,0.000,0.007,-0.807,17.029,0.000,41.361,59.087,166.018,0.013,-1.358,17.155,0.061,39.040,0.000,0.000,0.000,0.000,0.000,0.000,0.000,22.000,2.000,2024.000,9.000,54.000,59.000
202.000,407.844,988.853,15.240,1.195,955.683,40.002,440313.573,0.000,0.000,0.000,0.000,5.005,0.000,59.108,0.000,0.011,-1.407,17.040,0.000,41.354,59.098,165.690,0.019,-1.353,17.131,0.164,39.054,0.000,0.000,0.000,0.000,0.000,0.000,0.000,22.000,2.000,2024.000,9.000,54.000,59.000
202.000,407.855,988.852,15.240,1.195,955.709,40.002,440319.333,0.000,0.000,0.000,0.000,5.005,0.000,59.112,0.000,0.009,-1.467,17.041,0.000,41.358,59.110,165.515,0.016,-1.243,17.135,0.040,39.040,0.000,0.000,0.000,0.000,0.000,0.000,0.000,22.000,2.000,2024.000,9.000,54.000,59.000
202.000,407.855,988.852,15.240,1.195,955.709,40.002,440319.333,0.000,0.000,0.000,0.000,5.005,0.000,59.094,0.000,0.006,-0.611,17.054,0.000,41.375,59.102,165.755,0.021,-0.824,17.165,0.130,39.033,0.000,0.000,0.000,0.000,0.000,0.000,0.000,22.000,2.000,2024.000,9.000,54.000,59.000
202.000,407.855,988.852,15.240,1.195,955.709,40.002,440319.333,0.000,0.000,0.000,0.000,5.005,0.000,59.098,0.000,0.005,-0.654,17.054,0.000,41.361,59.099,165.863,0.015,-0.742,17.165,0.041,39.023,0.000,0.000,0.000,0.000,0.000,0.000,0.000,22.000,2.000,2024.000,9.000,54.000,59.000
202.000,407.865,988.850,15.240,1.195,955.733,40.003,440324.326,0.000,0.000,0.000,0.000,5.005,0.000,59.110,0.000,0.007,-0.911,17.025,0.000,41.358,59.107,165.821,0.021,-1.396,17.145,0.036,39.019,0.000,0.000,0.000,0.000,0.000,0.000,0.000,22.000,2.000,2024.000,9.000,54.000,59.000
202.000,407.865,988.850,15.240,1.195,955.733,40.003,440324.326,0.000,0.000,0.000,0.000,5.005,0.000,59.124,0.000,0.005,-1.451,17.025,0.000,41.350,59.107,165.363,0.015,-1.014,17.145,0.201,39.044,0.000,0.000,0.000,0.000,0.000,0.000,0.000,22.000,2.000,2024.000,9.000,54.000,59.000
202.000,407.852,988.848,15.240,1.195,955.702,40.002,440316.811,0.000,0.000,0.000,0.000,5.005,0.000,59.113,0.000,0.008,-0.758,17.055,0.000,41.361,59.106,164.745,0.022,-0.742,17.157,0.121,39.044,0.000,0.000,0.000,0.000,0.000,0.000,0.000,22.000,2.000,2024.000,9.000,54.000,59.000
202.000,407.852,988.848,15.240,1.195,955.702,40.002,440316.811,0.000,0.000,0.000,0.000,5.005,0.000,59.107,0.000,0.005,-0.856,17.059,0.000,41.354,59.105,164.621,0.019,-0.834,17.158,0.035,39.016,0.000,0.000,0.000,0.000,0.000,0.000,0.000,22.000,2.000,2024.000,9.000,55.000,0.000
202.000,407.886,988.848,15.240,1.195,955.782,40.004,440335.302,0.000,0.000,0.000,0.000,5.005,0.000,59.098,0.000,0.010,-1.031,17.053,0.000,41.358,59.099,164.673,0.015,-1.423,17.161,0.015,39.026,0.000,0.000,0.000,0.000,0.000,0.000,0.000,22.000,2.000,2024.000,9.000,55.000,0.000
202.000,407.886,988.848,15.240,1.195,955.782,40.004,440335.302,0.000,0.000,0.000,0.000,5.005,0.000,59.106,0.000,0.008,-1.292,17.052,0.000,41.354,59.102,164.585,0.019,-1.227,17.162,0.090,39.044,0.000,0.000,0.000,0.000,0.000,0.000,0.000,22.000,2.000,2024.000,9.000,55.000,0.000
202.000,407.900,988.845,15.240,1.194,955.815,40.005,440342.247,0.000,0.000,0.000,0.000,5.005,0.000,59.108,0.000,0.011,-1.276,17.042,0.000,41.364,59.110,164.552,0.016,-0.829,17.156,0.026,39.033,0.000,0.000,0.000,0.000,0.000,0.000,0.000,22.000,2.000,2024.000,9.000,55.000,0.000
202.000,407.900,988.845,15.240,1.194,955.815,40.005,440342.247,0.000,0.000,0.000,0.000,5.005,0.000,59.097,0.000,0.007,-0.731,17.038,0.000,41.368,59.098,164.767,0.023,-0.731,17.154,0.028,39.051,0.000,0.000,0.000,0.000,0.000,0.000,0.000,22.000,2.000,2024.000,9.000,55.000,0.000
202.000,407.917,988.846,15.240,1.195,955.856,40.005,440351.715,0.000,0.000,0.000,0.000,5.005,0.000,59.096,0.000,0.007,-0.851,17.024,0.000,41.364,59.097,164.799,0.017,-0.922,17.138,0.044,39.023,0.000,0.000,0.000,0.000,0.000,0.000,0.000,22.000,2.000,2024.000,9.000,55.000,0.000
202.000,407.917,988.846,15.240,1.195,955.856,40.005,440351.715,0.000,0.000,0.000,0.000,5.005,0.000,59.100,0.000,0.005,-1.232,17.014,0.000,41.354,59.095,164.754,0.019,-0.524,17.127,0.099,39.044,0.000,0.000,0.000,0.000,0.000,0.000,0.000,22.000,2.000,2024.000,9.000,55.000,0.000
202.000,407.917,988.846,15.240,1.195,955.856,40.005,440351.715,0.000,0.000,0.000,0.000,5.005,0.000,59.101,0.000,0.009,-1.145,17.027,0.000,41.354,59.101,164.607,0.020,-0.654,17.142,0.033,39.058,0.000,0.000,0.000,0.000,0.000,0.000,0.000,22.000,2.000,2024.000,9.000,55.000,0.000
202.000,407.924,988.846,15.240,1.195,955.872,40.006,440355.522,0.000,0.000,0.000,0.000,5.005,0.000,59.092,0.000,0.011,-0.774,17.040,0.000,41.375,59.098,164.761,0.017,-0.883,17.157,0.136,39.033,0.000,0.000,0.000,0.000,0.000,0.000,0.000,22.000,2.000,2024.000,9.000,55.000,0.000
