162.000,409.800,990.181,14.400,1.200,960.301,40.013,443320.860,0.000,0.000,0.000,0.000,10.000,0.000,51.366,0.000,0.079,-1.729,15.493,0.000,28.490,51.404,60.132,0.013,-2.034,15.606,0.658,27.576,0.000,0.000,0.000,0.000,0.000,0.000,0.000,22.000,2.000,2024.000,8.000,56.000,51.000
162.000,409.765,990.180,14.400,1.200,960.219,40.011,443301.561,0.000,0.000,0.000,0.000,10.000,0.000,51.371,0.000,0.056,-0.862,15.502,0.000,28.476,51.411,61.250,0.015,-0.627,15.580,0.742,27.555,0.000,0.000,0.000,0.000,0.000,0.000,0.000,22.000,2.000,2024.000,8.000,56.000,52.000
162.000,409.765,990.180,14.400,1.200,960.219,40.011,443301.561,0.000,0.000,0.000,0.000,10.000,0.000,51.380,0.000,0.039,-1.129,15.504,0.000,28.402,51.408,62.181,0.025,-1.047,15.573,0.485,27.611,0.000,0.000,0.000,0.000,0.000,0.000,0.000,22.000,2.000,2024.000,8.000,56.000,52.000
162.000,409.750,990.178,14.400,1.200,960.183,40.010,443292.938,0.000,0.000,0.000,0.000,10.000,0.000,51.404,0.000,0.033,-1.707,15.510,0.000,28.455,51.439,63.609,0.021,-2.443,15.588,0.453,27.534,0.000,0.000,0.000,0.000,0.000,0.000,0.000,22.000,2.000,2024.000,8.000,56.000,52.000
162.000,409.750,990.178,14.400,1.200,960.183,40.010,443292.938,0.000,0.000,0.000,0.000,10.000,0.000,51.426,0.000,0.046,-0.753,15.512,0.000,28.406,51.406,63.475,0.016,-0.600,15.594,0.393,27.566,0.000,0.000,0.000,0.000,0.000,0.000,0.000,22.000,2.000,2024.000,8.000,56.000,52.000
162.000,409.750,990.178,14.400,1.200,960.183,40.010,443292.938,0.000,0.000,0.000,0.000,10.000,0.000,51.417,0.000,0.060,-1.489,15.500,0.000,28.458,51.357,62.739,0.030,-1.892,15.600,0.712,27.615,0.000,0.000,0.000,0.000,0.000,0.000,0.000,22.000,2.000,2024.000,8.000,56.000,52.000
162.000,409.692,990.176,14.400,1.200,960.046,40.008,443260.878,0.000,0.000,0.000,0.000,10.000,0.000,51.512,0.000,0.016,-1.636,15.492,0.000,28.364,51.381,59.184,0.019,-0.693,15.605,1.311,27.566,0.000,0.000,0.000,0.000,0.000,0.000,0.000,22.000,2.000,2024.000,8.000,56.000,52.000
162.000,409.692,990.176,14.400,1.200,960.046,40.008,443260.878,0.000,0.000,0.000,0.000,10.000,0.000,51.353,0.000,0.050,-1.151,15.486,0.000,28.357,51.367,57.198,0.018,-0.851,15.603,0.342,27.629,0.000,0.000,0.000,0.000,0.000,0.000,0.000,22.000,2.000,2024.000,8.000,56.000,52.000
162.000,409.649,990.175,14.400,1.200,959.945,40.006,443237.216,0.000,0.000,0.000,0.000,10.000,0.000,51.370,0.000,0.028,-0.949,15.480,0.000,28.402,51.379,57.959,0.022,-2.040,15.601,0.253,27.590,0.000,0.000,0.000,0.000,0.000,0.000,0.000,22.000,2.000,2024.000,8.000,56.000,52.000
162.000,409.649,990.175,14.400,1.200,959.945,40.006,443237.216,0.000,0.000,0.000,0.000,10.000,0.000,51.376,0.000,0.043,-1.009,15.495,0.000,28.388,51.395,58.585,0.015,-1.892,15.597,0.476,27.580,0.000,0.000,0.000,0.000,0.000,0.000,0.000,22.000,2.000,2024.000,8.000,56.000,52.000
162.000,409.623,990.177,14.400,1.200,959.883,40.004,443223.492,0.000,0.000,0.000,0.000,10.000,0.000,51.351,0.000,0.050,-1.009,15.519,0.000,28.472,51.415,59.612,0.019,-1.042,15.591,0.882,27.590,0.000,0.000,0.000,0.000,0.000,0.000,0.000,22.000,2.000,2024.000,8.000,56.000,52.000
162.000,409.623,990.177,14.400,1.200,959.883,40.004,443223.492,0.000,0.000,0.000,0.000,10.000,0.000,51.414,0.000,0.029,-0.502,15.512,0.000,28.430,51.432,61.836,0.025,-0.900,15.602,0.348,27.580,0.000,0.000,0.000,0.000,0.000,0.000,0.000,22.000,2.000,2024.000,8.000,56.000,53.000
162.000,409.607,990.178,14.400,1.200,959.846,40.003,443214.994,0.000,0.000,0.000,0.000,10.000,0.000,51.508,0.000,0.053,-1.500,15.496,0.000,28.322,51.389,59.428,0.017,-1.609,15.625,1.285,27.576,0.000,0.000,0.000,0.000,0.000,0.000,0.000,22.000,2.000,2024.000,8.000,56.000,53.000
162.000,409.607,990.178,14.400,1.200,959.846,40.003,443214.994,0.000,0.000,0.000,0.000,10.000,0.000,51.388,0.000,0.030,-0.436,15.498,0.000,28.434,51.388,57.841,0.012,-2.367,15.616,0.163,27.566,0.000,0.000,0.000,0.000,0.000,0.000,0.000,22.000,2.000,2024.000,8.000,56.000,53.000
162.000,409.588,990.178,14.400,1.200,959.801,40.002,443204.637,0.000,0.000,0.000,0.000,10.000,0.000,51.462,0.000,0.057,-0.763,15.507,0.000,28.430,51.362,56.648,0.023,-0.660,15.579,1.110,27.601,0.000,0.000,0.000,0.000,0.000,0.000,0.000,22.000,2.000,2024.000,8.000,56.000,53.000
162.000,409.588,990.178,14.400,1.200,959.801,40.002,443204.637,0.000,0.000,0.000,0.000,10.000,0.000,51.411,0.000,0.051,-1.898,15.508,0.000,28.413,51.386,53.516,0.007,-1.996,15.582,0.431,27.590,0.000,0.000,0.000,0.000,0.000,0.000,0.000,22.000,2.000,2024.000,8.000,56.000,53.000
162.000,409.588,990.178,14.400,1.200,959.801,40.002,443204.637,0.000,0.000,0.000,0.000,10.000,0.000,51.315,0.000,0.023,-0.371,15.520,0.000,28.486,51.406,55.267,0.008,-0.763,15.603,0.932,27.566,0.000,0.000,0.000,0.000,0.000,0.000,0.000,22.000,2.000,2024.000,8.000,56.000,53.000
162.000,409.544,990.179,14.400,1.200,959.697,40.000,443180.874,0.000,0.000,0.000,0.000,10.000,0.000,51.437,0.000,0.058,-1.282,15.520,0.000,28.476,51.425,57.041,0.012,-1.123,15.603,0.317,27.555,0.000,0.000,0.000,0.000,0.000,0.000,0.000,22.000,2.000,2024.000,8.000,56.000,53.000
162.000,409.544,990.179,14.400,1.200,959.697,40.000,443180.874,0.000,0.000,0.000,0.000,10.000,0.000,51.441,0.000,0.044,-0.763,15.497,0.000,28.266,51.424,55.756,0.007,-2.122,15.595,0.177,27.569,0.000,0.000,0.000,0.000,0.000,0.000,0.000,22.000,2.000,2024.000,8.000,56.000,53.000
162.000,409.540,990.179,14.400,1.200,959.687,40.000,443178.694,0.000,0.000,0.000,0.000,10.000,0.000,51.460,0.000,0.046,-0.894,15.497,0.000,28.413,51.425,55.463,0.018,-0.627,15.595,0.289,27.590,0.000,0.000,0.000,0.000,0.000,0.000,0.000,22.000,2.000,2024.000,8.000,56.000,53.000
162.000,409.540,990.179,14.400,1.200,959.687,40.000,443178.694,0.000,0.000,0.000,0.000,10.000,0.000,51.431,0.000,0.020,-1.778,15.515,0.000,28.371,51.421,54.351,0.013,-1.707,15.586,0.120,27.555,0.000,0.000,0.000,0.000,0.000,0.000,0.000,22.000,2.000,2024.000,8.000,56.000,53.000
162.000,409.579,990.176,14.400,1.200,959.779,40.002,443199.283,0.000,0.000,0.000,0.000,10.000,0.000,51.371,0.000,0.075,-1.047,15.517,0.000,28.385,51.429,54.746,0.019,-0.753,15.585,0.845,27.538,0.000,0.000,0.000,0.000,0.000,0.000,0.000,22.000,2.000,2024.000,8.000,56.000,54.000
162.000,409.579,990.176,14.400,1.200,959.779,40.002,443199.283,0.000,0.000,0.000,0.000,10.000,0.000,51.337,0.000,0.026,-1.483,15.511,0.000,28.451,51.406,58.284,0.033,-2.247,15.587,0.749,27.583,0.000,0.000,0.000,0.000,0.000,0.000,0.000,22.000,2.000,2024.000,8.000,56.000,54.000
162.000,409.598,990.175,14.400,1.200,959.824,40.003,443209.416,0.000,0.000,0.000,0.000,10.000,0.000,51.335,0.000,0.052,-0.971,15.509,0.000,28.427,51.396,59.565,0.020,-1.838,15.587,0.760,27.587,0.000,0.000,0.000,0.000,0.000,0.000,0.000,22.000,2.000,2024.000,8.000,56.000,54.000
162.000,409.598,990.175,14.400,1.200,959.824,40.003,443209.416,0.000,0.000,0.000,0.000,10.000,0.000,51.409,0.000,0.075,-0.938,15.501,0.000,28.395,51.413,61.804,0.015,-1.287,15.589,0.270,27.555,0.000,0.000,0.000,0.000,0.000,0.000,0.000,22.000,2.000,2024.000,8.000,56.000,54.000
162.000,409.619,990.175,14.400,1.200,959.874,40.004,443220.864,0.000,0.000,0.000,0.000,10.000,0.000,51.502,0.000,0.033,-1.980,15.497,0.000,28.339,51.437,60.092,0.015,-0.840,15.590,0.547,27.555,0.000,0.000,0.000,0.000,0.000,0.000,0.000,22.000,2.000,2024.000,8.000,56.000,54.000
162.000,409.619,990.175,14.400,1.200,959.874,40.004,443220.864,0.000,0.000,0.000,0.000,10.000,0.000,51.447,0.000,0.039,-0.660,15.503,0.000,28.364,51.412,58.183,0.026,-0.720,15.593,0.404,27.548,0.000,0.000,0.000,0.000,0.000,0.000,0.000,22.000,2.000,2024.000,8.000,56.000,54.000
162.000,409.619,990.175,14.400,1.200,959.874,40.004,443220.864,0.000,0.000,0.000,0.000,10.000,0.000,51.425,0.000,0.019,-1.860,15.507,0.000,28.409,51.398,56.862,0.011,-1.854,15.595,0.345,27.559,0.000,0.000,0.000,0.000,0.000,0.000,0.000,22.000,2.000,2024.000,8.000,56.000,54.000
162.000,409.623,990.173,14.400,1.200,959.883,40.004,443222.596,0.000,0.000,0.000,0.000,10.000,0.000,51.375,0.000,0.028,-0.769,15.497,0.000,28.381,51.397,56.819,0.020,-1.374,15.592,0.256,27.580,0.000,0.000,0.000,0.000,0.000,0.000,0.000,22.000,2.000,2024.000,8.000,56.000,54.000
162.000,409.623,990.173,14.400,1.200,959.883,40.004,443222.596,0.000,0.000,0.000,0.000,10.000,0.000,51.474,0.000,0.053,-0.976,15.487,0.000,28.423,51.366,55.611,0.014,-0.780,15.590,1.388,27.576,0.000,0.000,0.000,0.000,0.000,0.000,0.000,22.000,2.000,2024.000,8.000,56.000,54.000
162.000,409.643,990.171,14.400,1.200,959.931,40.005,443233.051,0.000,0.000,0.000,0.000,10.000,0.000,51.442,0.000,0.033,-1.751,15.496,0.000,28.329,51.412,52.682,0.030,-2.100,15.596,0.380,27.552,0.000,0.000,0.000,0.000,0.000,0.000,0.000,22.000,2.000,2024.000,8.000,56.000,54.000
162.000,409.643,990.171,14.400,1.200,959.931,40.005,443233.051,0.000,0.000,0.000,0.000,10.000,0.000,51.391,0.000,0.027,-0.649,15.510,0.000,28.353,51.411,52.869,0.013,-0.693,15.605,0.173,27.552,0.000,0.000,0.000,0.000,0.000,0.000,0.000,22.000,2.000,2024.000,8.000,56.000,55.000
162.000,409.649,990.172,14.400,1.200,959.945,40.006,443236.545,0.000,0.000,0.000,0.000,10.000,0.000,51.360,0.000,0.019,-1.342,15.511,0.000,28.388,51.435,54.316,0.012,-1.303,15.604,0.950,27.538,0.000,0.000,0.000,0.000,0.000,0.000,0.000,22.000,2.000,2024.000,8.000,56.000,55.000
162.000,409.649,990.172,14.400,1.200,959.945,40.006,443236.545,0.000,0.000,0.000,0.000,10.000,0.000,51.385,0.000,0.035,-0.791,15.514,0.000,28.437,51.382,55.727,0.027,-0.709,15.601,0.197,27.587,0.000,0.000,0.000,0.000,0.000,0.000,0.000,22.000,2.000,2024.000,8.000,56.000,55.000
162.000,409.630,990.175,14.400,1.200,959.900,40.005,443226.860,0.000,0.000,0.000,0.000,10.000,0.000,51.389,0.000,0.036,-1.603,15.513,0.000,28.381,51.378,55.279,0.014,-1.707,15.599,0.226,27.573,0.000,0.000,0.000,0.000,0.000,0.000,0.000,22.000,2.000,2024.000,8.000,56.000,55.000
162.000,409.630,990.175,14.400,1.200,959.900,40.005,443226.860,0.000,0.000,0.000,0.000,10.000,0.000,51.396,0.000,0.092,-1.265,15.507,0.000,28.469,51.393,55.999,0.022,-0.605,15.587,0.468,27.580,0.000,0.000,0.000,0.000,0.000,0.000,0.000,22.000,2.000,2024.000,8.000,56.000,55.000
162.000,409.621,990.174,14.400,1.200,959.879,40.004,443221.730,0.000,0.000,0.000,0.000,10.000,0.000,51.474,0.000,0.031,-1.058,15.508,0.000,28.371,51.357,53.330,0.016,-0.883,15.588,1.230,27.597,0.000,0.000,0.000,0.000,0.000,0.000,0.000,22.000,2.000,2024.000,8.000,56.000,55.000
162.000,409.621,990.174,14.400,1.200,959.879,40.004,443221.730,0.000,0.000,0.000,0.000,10.000,0.000,51.399,0.000,0.048,-1.396,15.522,0.000,28.427,51.397,51.564,0.021,-2.105,15.590,0.216,27.569,0.000,0.000,0.000,0.000,0.000,0.000,0.000,22.000,2.000,2024.000,8.000,56.000,55.000
162.000,409.621,990.174,14.400,1.200,959.879,40.004,443221.730,0.000,0.000,0.000,0.000,10.000,0.000,51.421,0.000,0.084,-0.791,15.522,0.000,28.360,51.419,52.023,0.034,-0.704,15.590,0.642,27.552,0.000,0.000,0.000,0.000,0.000,0.000,0.000,22.000,2.000,2024.000,8.000,56.000,55.000
162.000,409.574,990.176,14.400,1.200,959.768,40.002,443196.557,0.000,0.000,0.000,0.000,10.000,0.000,51.318,0.000,0.043,-1.620,15.527,0.000,28.357,51.420,53.199,0.020,-1.243,15.603,1.286,27.552,0.000,0.000,0.000,0.000,0.000,0.000,0.000,22.000,2.000,2024.000,8.000,56.000,55.000
162.000,409.574,990.176,14.400,1.200,959.768,40.002,443196.557,0.000,0.000,0.000,0.000,10.000,0.000,51.369,0.000,0.012,-1.658,15.527,0.000,28.423,51.375,54.945,0.017,-2.078,15.603,0.180,27.594,0.000,0.000,0.000,0.000,0.000,0.000,0.000,22.000,2.000,2024.000,8.000,56.000,55.000
162.000,409.587,990.171,14.400,1.200,959.798,40.003,443202.525,0.000,0.000,0.000,0.000,10.000,0.000,51.427,0.000,0.061,-0.889,15.513,0.000,28.423,51.417,54.458,0.020,-0.774,15.589,0.304,27.527,0.000,0.000,0.000,0.000,0.000,0.000,0.000,22.000,2.000,2024.000,8.000,56.000,56.000
162.000,409.587,990.171,14.400,1.200,959.798,40.003,443202.525,0.000,0.000,0.000,0.000,10.000,0.000,51.429,0.000,0.032,-1.587,15.511,0.000,28.430,51.394,54.428,0.020,-1.554,15.588,0.555,27.562,0.000,0.000,0.000,0.000,0.000,0.000,0.000,22.000,2.000,2024.000,8.000,56.000,56.000
162.000,409.605,990.169,14.400,1.200,959.841,40.003,443211.889,0.000,0.000,0.000,0.000,10.000,0.000,51.346,0.000,0.047,-0.545,15.515,0.000,28.374,51.409,54.372,0.031,-2.400,15.602,0.701,27.555,0.000,0.000,0.000,0.000,0.000,0.000,0.000,22.000,2.000,2024.000,8.000,56.000,56.000
162.000,409.605,990.169,14.400,1.200,959.841,40.003,443211.889,0.000,0.000,0.000,0.000,10.000,0.000,51.349,0.000,0.077,-0.633,15.515,0.000,28.437,51.369,56.593,0.013,-0.627,15.605,0.312,27.590,0.000,0.000,0.000,0.000,0.000,0.000,0.000,22.000,2.000,2024.000,8.000,56.000,56.000
162.000,409.627,990.168,14.400,1.200,959.893,40.005,443223.658,0.000,0.000,0.000,0.000,10.000,0.000,51.396,0.000,0.025,-0.594,15.522,0.000,28.420,51.403,56.575,0.018,-0.589,15.593,0.129,27.573,0.000,0.000,0.000,0.000,0.000,0.000,0.000,22.000,2.000,2024.000,8.000,56.000,56.000
162.000,409.627,990.168,14.400,1.200,959.893,40.005,443223.658,0.000,0.000,0.000,0.000,10.000,0.000,51.480,0.000,0.050,-1.314,15.525,0.000,28.353,51.394,54.849,0.014,-1.123,15.587,1.010,27.580,0.000,0.000,0.000,0.000,0.000,0.000,0.000,22.000,2.000,2024.000,8.000,56.000,56.000
162.000,409.644,990.169,14.400,1.200,959.933,40.005,443233.148,0.000,0.000,0.000,0.000,10.000,0.000,51.365,0.000,0.035,-1.085,15.523,0.000,28.458,51.386,53.908,0.028,-2.367,15.582,0.228,27.587,0.000,0.000,0.000,0.000,0.000,0.000,0.000,22.000,2.000,2024.000,8.000,56.000,56.000
162.000,409.644,990.169,14.400,1.200,959.933,40.005,443233.148,0.000,0.000,0.000,0.000,10.000,0.000,51.301,0.000,0.021,-0.584,15.521,0.000,28.490,51.393,56.290,0.012,-0.714,15.578,0.945,27.576,0.000,0.000,0.000,0.000,0.000,0.000,0.000,22.000,2.000,2024.000,8.000,56.000,56.000
162.000,409.644,990.169,14.400,1.200,959.933,40.005,443233.148,0.000,0.000,0.000,0.000,10.000,0.000,51.380,0.000,0.033,-1.423,15.511,0.000,28.455,51.384,57.821,0.041,-1.674,15.576,0.177,27.587,0.000,0.000,0.000,0.000,0.000,0.000,0.000,22.000,2.000,2024.000,8.000,56.000,56.000
162.000,409.640,990.169,14.400,1.200,959.923,40.005,443230.968,0.000,0.000,0.000,0.000,10.000,0.000,51.404,0.000,0.059,-1.407,15.500,0.000,28.455,51.387,58.608,0.038,-1.832,15.575,0.499,27.587,0.000,0.000,0.000,0.000,0.000,0.000,0.000,22.000,2.000,2024.000,8.000,56.000,56.000
162.000,409.640,990.169,14.400,1.200,959.923,40.005,443230.968,0.000,0.000,0.000,0.000,10.000,0.000,51.419,0.000,0.062,-0.742,15.505,0.000,28.374,51.386,57.849,0.020,-0.840,15.580,0.494,27.569,0.000,0.000,0.000,0.000,0.000,0.000,0.000,22.000,2.000,2024.000,8.000,56.000,57.000
162.000,409.616,990.169,14.400,1.200,959.867,40.004,443217.885,0.000,0.000,0.000,0.000,10.000,0.000,51.442,0.000,0.080,-0.442,15.514,0.000,28.378,51.388,55.102,0.014,-1.762,15.589,0.727,27.562,0.000,0.000,0.000,0.000,0.000,0.000,0.000,22.000,2.000,2024.000,8.000,56.000,57.000
162.000,409.616,990.169,14.400,1.200,959.867,40.004,443217.885,0.000,0.000,0.000,0.000,10.000,0.000,51.340,0.000,0.027,-0.556,15.514,0.000,28.437,51.416,56.009,0.018,-2.209,15.594,0.669,27.569,0.000,0.000,0.000,0.000,0.000,0.000,0.000,22.000,2.000,2024.000,8.000,56.000,57.000
162.000,409.622,990.169,14.400,1.200,959.881,40.004,443221.156,0.000,0.000,0.000,0.000,10.000,0.000,51.292,0.000,0.022,-0.834,15.515,0.000,28.434,51.398,59.391,0.022,-0.845,15.606,1.139,27.555,0.000,0.000,0.000,0.000,0.000,0.000,0.000,22.000,2.000,2024.000,8.000,56.000,57.000
162.000,409.622,990.169,14.400,1.200,959.881,40.004,443221.156,0.000,0.000,0.000,0.000,10.000,0.000,51.376,0.000,0.058,-1.647,15.519,0.000,28.483,51.376,62.044,0.005,-2.116,15.603,0.328,27.590,0.000,0.000,0.000,0.000,0.000,0.000,0.000,22.000,2.000,2024.000,8.000,56.000,57.000
162.000,409.670,990.168,14.400,1.200,959.994,40.007,443247.096,0.000,0.000,0.000,0.000,10.000,0.000,51.406,0.000,0.042,-0.862,15.539,0.000,28.434,51.388,61.140,0.020,-0.829,15.591,0.292,27.583,0.000,0.000,0.000,0.000,0.000,0.000,0.000,22.000,2.000,2024.000,8.000,56.000,57.000
162.000,409.670,990.168,14.400,1.200,959.994,40.007,443247.096,0.000,0.000,0.000,0.000,10.000,0.000,51.460,0.000,0.040,-0.933,15.537,0.000,28.374,51.396,59.852,0.020,-2.383,15.590,0.762,27.569,0.000,0.000,0.000,0.000,0.000,0.000,0.000,22.000,2.000,2024.000,8.000,56.000,57.000
162.000,409.711,990.169,14.400,1.200,960.091,40.009,443269.667,0.000,0.000,0.000,0.000,10.000,0.000,51.394,0.000,0.028,-0.671,15.523,0.000,28.392,51.401,59.685,0.028,-0.660,15.584,0.154,27.594,0.000,0.000,0.000,0.000,0.000,0.000,0.000,22.000,2.000,2024.000,8.000,56.000,57.000
162.000,409.711,990.169,14.400,1.200,960.091,40.009,443269.667,0.000,0.000,0.000,0.000,10.000,0.000,51.331,0.000,0.062,-1.211,15.523,0.000,28.479,51.398,60.870,0.014,-2.023,15.584,0.931,27.580,0.000,0.000,0.000,0.000,0.000,0.000,0.000,22.000,2.000,2024.000,8.000,56.000,57.000
162.000,409.711,990.169,14.400,1.200,960.091,40.009,443269.667,0.000,0.000,0.000,0.000,10.000,0.000,51.418,0.000,0.037,-1.593,15.518,0.000,28.416,51.386,61.193,0.015,-1.205,15.614,0.508,27.590,0.000,0.000,0.000,0.000,0.000,0.000,0.000,22.000,2.000,2024.000,8.000,56.000,57.000
162.000,409.709,990.165,14.400,1.200,960.086,40.009,443267.682,0.000,0.000,0.000,0.000,10.000,0.000,51.399,0.000,0.084,-0.824,15.518,0.000,28.437,51.378,60.643,0.028,-0.944,15.614,0.237,27.587,0.000,0.000,0.000,0.000,0.000,0.000,0.000,22.000,2.000,2024.000,8.000,56.000,58.000
162.000,409.709,990.165,14.400,1.200,960.086,40.009,443267.682,0.000,0.000,0.000,0.000,10.000,0.000,51.400,0.000,0.030,-1.358,15.522,0.000,28.360,51.415,60.638,0.016,-1.860,15.610,0.360,27.548,0.000,0.000,0.000,0.000,0.000,0.000,0.000,22.000,2.000,2024.000,8.000,56.000,58.000
162.000,409.717,990.166,14.400,1.200,960.105,40.009,443272.266,0.000,0.000,0.000,0.000,10.000,0.000,51.464,0.000,0.037,-0.529,15.523,0.000,28.402,51.397,59.288,0.018,-1.903,15.609,0.781,27.566,0.000,0.000,0.000,0.000,0.000,0.000,0.000,22.000,2.000,2024.000,8.000,56.000,58.000
162.000,409.717,990.166,14.400,1.200,960.105,40.009,443272.266,0.000,0.000,0.000,0.000,10.000,0.000,51.489,0.000,0.086,-1.369,15.541,0.000,28.420,51.413,57.553,0.022,-0.873,15.601,1.020,27.594,0.000,0.000,0.000,0.000,0.000,0.000,0.000,22.000,2.000,2024.000,8.000,56.000,58.000
162.000,409.685,990.164,14.400,1.200,960.030,40.007,443254.377,0.000,0.000,0.000,0.000,10.000,0.000,51.464,0.000,0.021,-1.805,15.546,0.000,28.315,51.412,54.796,0.015,-2.062,15.599,0.651,27.573,0.000,0.000,0.000,0.000,0.000,0.000,0.000,22.000,2.000,2024.000,8.000,56.000,58.000
162.000,409.685,990.164,14.400,1.200,960.030,40.007,443254.377,0.000,0.000,0.000,0.000,10.000,0.000,51.503,0.000,0.068,-0.736,15.531,0.000,28.374,51.409,52.801,0.023,-0.856,15.607,1.214,27.562,0.000,0.000,0.000,0.000,0.000,0.000,0.000,22.000,2.000,2024.000,8.000,56.000,58.000
162.000,409.655,990.166,14.400,1.200,959.959,40.006,443238.472,0.000,0.000,0.000,0.000,10.000,0.000,51.370,0.000,0.033,-1.745,15.524,0.000,28.315,51.417,51.239,0.022,-1.582,15.611,0.725,27.590,0.000,0.000,0.000,0.000,0.000,0.000,0.000,22.000,2.000,2024.000,8.000,56.000,58.000
162.000,409.655,990.166,14.400,1.200,959.959,40.006,443238.472,0.000,0.000,0.000,0.000,10.000,0.000,51.342,0.000,0.045,-0.818,15.522,0.000,28.493,51.459,54.147,0.013,-1.014,15.595,1.330,27.534,0.000,0.000,0.000,0.000,0.000,0.000,0.000,22.000,2.000,2024.000,8.000,56.000,58.000
162.000,409.606,990.168,14.400,1.200,959.843,40.004,443212.211,0.000,0.000,0.000,0.000,10.000,0.000,51.389,0.000,0.041,-1.991,15.521,0.000,28.413,51.415,57.370,0.024,-1.647,15.585,0.218,27.576,0.000,0.000,0.000,0.000,0.000,0.000,0.000,22.000,2.000,2024.000,8.000,56.000,58.000
162.000,409.606,990.168,14.400,1.200,959.843,40.004,443212.211,0.000,0.000,0.000,0.000,10.000,0.000,51.391,0.000,0.017,-0.584,15.531,0.000,28.423,51.429,58.151,0.014,-0.698,15.588,0.386,27.555,0.000,0.000,0.000,0.000,0.000,0.000,0.000,22.000,2.000,2024.000,8.000,56.000,58.000
162.000,409.606,990.168,14.400,1.200,959.843,40.004,443212.211,0.000,0.000,0.000,0.000,10.000,0.000,51.360,0.000,0.024,-1.320,15.542,0.000,28.444,51.407,60.339,0.023,-1.456,15.591,0.533,27.587,0.000,0.000,0.000,0.000,0.000,0.000,0.000,22.000,2.000,2024.000,8.000,56.000,59.000
162.000,409.572,990.168,14.400,1.200,959.763,40.002,443193.677,0.000,0.000,0.000,0.000,10.000,0.000,51.326,0.000,0.052,-0.185,15.534,0.000,28.399,51.402,61.740,0.009,-2.143,15.595,0.870,27.566,0.000,0.000,0.000,0.000,0.000,0.000,0.000,22.000,2.000,2024.000,8.000,56.000,59.000
162.000,409.572,990.168,14.400,1.200,959.763,40.002,443193.677,0.000,0.000,0.000,0.000,10.000,0.000,51.432,0.000,0.023,-0.889,15.521,0.000,28.430,51.400,63.019,0.011,-0.671,15.599,0.391,27.573,0.000,0.000,0.000,0.000,0.000,0.000,0.000,22.000,2.000,2024.000,8.000,56.000,59.000
162.000,409.530,990.169,14.400,1.200,959.664,40.000,443171.004,0.000,0.000,0.000,0.000,10.000,0.000,51.394,0.000,0.045,-1.500,15.517,0.000,28.371,51.431,63.188,0.013,-1.811,15.605,0.440,27.545,0.000,0.000,0.000,0.000,0.000,0.000,0.000,22.000,2.000,2024.000,8.000,56.000,59.000
162.000,409.530,990.169,14.400,1.200,959.664,40.000,443171.004,0.000,0.000,0.000,0.000,10.000,0.000,51.469,0.000,0.036,-1.625,15.507,0.000,28.374,51.415,62.087,0.026,-0.643,15.619,0.511,27.545,0.000,0.000,0.000,0.000,0.000,0.000,0.000,22.000,2.000,2024.000,8.000,56.000,59.000
162.000,409.531,990.166,14.400,1.200,959.666,40.000,443170.878,0.000,0.000,0.000,0.000,10.000,0.000,51.341,0.000,0.039,-1.047,15.509,0.000,28.360,51.366,61.919,0.018,-0.889,15.616,0.398,27.590,0.000,0.000,0.000,0.000,0.000,0.000,0.000,22.000,2.000,2024.000,8.000,56.000,59.000
162.000,409.531,990.166,14.400,1.200,959.666,40.000,443170.878,0.000,0.000,0.000,0.000,10.000,0.000,51.395,0.000,0.057,-1.680,15.519,0.000,28.409,51.400,62.066,0.013,-2.323,15.607,0.308,27.555,0.000,0.000,0.000,0.000,0.000,0.000,0.000,22.000,2.000,2024.000,8.000,56.000,59.000
162.000,409.517,990.165,14.400,1.200,959.633,39.999,443163.022,0.000,0.000,0.000,0.000,10.000,0.000,51.387,0.000,0.046,-0.524,15.519,0.000,28.469,51.366,62.674,0.015,-1.593,15.606,0.342,27.569,0.000,0.000,0.000,0.000,0.000,0.000,0.000,22.000,2.000,2024.000,8.000,56.000,59.000
162.000,409.517,990.165,14.400,1.200,959.633,39.999,443163.022,0.000,0.000,0.000,0.000,10.000,0.000,51.429,0.000,0.023,-1.931,15.519,0.000,28.388,51.378,61.173,0.022,-0.622,15.603,0.548,27.555,0.000,0.000,0.000,0.000,0.000,0.000,0.000,22.000,2.000,2024.000,8.000,56.000,59.000
162.000,409.507,990.165,14.400,1.200,959.609,39.999,443157.570,0.000,0.000,0.000,0.000,10.000,0.000,51.387,0.000,0.041,-0.687,15.519,0.000,28.416,51.401,60.817,0.012,-0.878,15.603,0.242,27.566,0.000,0.000,0.000,0.000,0.000,0.000,0.000,22.000,2.000,2024.000,8.000,56.000,59.000
162.000,409.507,990.165,14.400,1.200,959.609,39.999,443157.570,0.000,0.000,0.000,0.000,10.000,0.000,51.427,0.000,0.031,-1.718,15.527,0.000,28.395,51.411,60.656,0.014,-1.920,15.593,0.307,27.559,0.000,0.000,0.000,0.000,0.000,0.000,0.000,22.000,2.000,2024.000,8.000,57.000,0.000
162.000,409.507,990.165,14.400,1.200,959.609,39.999,443157.570,0.000,0.000,0.000,0.000,10.000,0.000,51.353,0.000,0.069,-0.278,15.527,0.000,28.399,51.366,59.739,0.024,-2.116,15.593,0.344,27.587,0.000,0.000,0.000,0.000,0.000,0.000,0.000,22.000,2.000,2024.000,8.000,57.000,0.000
162.000,409.515,990.165,14.400,1.200,959.628,39.999,443161.932,0.000,0.000,0.000,0.000,10.000,0.000,51.367,0.000,0.053,-0.802,15.504,0.000,28.402,51.413,61.397,0.040,-0.807,15.610,0.641,27.524,0.000,0.000,0.000,0.000,0.000,0.000,0.000,22.000,2.000,2024.000,8.000,57.000,0.000
162.000,409.515,990.165,14.400,1.200,959.628,39.999,443161.932,0.000,0.000,0.000,0.000,10.000,0.000,51.414,0.000,0.056,-1.740,15.502,0.000,28.409,51.420,62.838,0.015,-1.936,15.612,0.466,27.552,0.000,0.000,0.000,0.000,0.000,0.000,0.000,22.000,2.000,2024.000,8.000,57.000,0.000
162.000,409.511,990.163,14.400,1.200,959.619,39.999,443159.303,0.000,0.000,0.000,0.000,10.000,0.000,51.428,0.000,0.076,-1.096,15.522,0.000,28.357,51.385,61.074,0.009,-0.693,15.604,0.432,27.562,0.000,0.000,0.000,0.000,0.000,0.000,0.000,22.000,2.000,2024.000,8.000,57.000,0.000
162.000,409.511,990.163,14.400,1.200,959.619,39.999,443159.303,0.000,0.000,0.000,0.000,10.000,0.000,51.432,0.000,0.088,-1.074,15.527,0.000,28.430,51.402,61.492,0.013,-1.069,15.602,0.264,27.573,0.000,0.000,0.000,0.000,0.000,0.000,0.000,22.000,2.000,2024.000,8.000,57.000,0.000
162.000,409.505,990.166,14.400,1.200,959.605,39.999,443156.704,0.000,0.000,0.000,0.000,10.000,0.000,51.486,0.000,0.049,-2.165,15.516,0.000,28.273,51.403,58.476,0.009,-2.356,15.604,0.911,27.562,0.000,0.000,0.000,0.000,0.000,0.000,0.000,22.000,2.000,2024.000,8.000,57.000,0.000
162.000,409.505,990.166,14.400,1.200,959.605,39.999,443156.704,0.000,0.000,0.000,0.000,10.000,0.000,51.416,0.000,0.030,-0.938,15.512,0.000,28.381,51.408,57.723,0.027,-1.178,15.605,0.307,27.524,0.000,0.000,0.000,0.000,0.000,0.000,0.000,22.000,2.000,2024.000,8.000,57.000,0.000
162.000,409.523,990.168,14.400,1.200,959.647,39.999,443166.964,0.000,0.000,0.000,0.000,10.000,0.000,51.400,0.000,0.054,-1.587,15.520,0.000,28.385,51.421,57.789,0.029,-1.816,15.608,0.521,27.583,0.000,0.000,0.000,0.000,0.000,0.000,0.000,22.000,2.000,2024.000,8.000,57.000,0.000
162.000,409.523,990.168,14.400,1.200,959.647,39.999,443166.964,0.000,0.000,0.000,0.000,10.000,0.000,51.391,0.000,0.009,-1.325,15.525,0.000,28.399,51.412,58.422,0.017,-0.627,15.610,0.184,27.555,0.000,0.000,0.000,0.000,0.000,0.000,0.000,22.000,2.000,2024.000,8.000,57.000,0.000
162.000,409.528,990.168,14.400,1.200,959.659,40.000,443169.690,0.000,0.000,0.000,0.000,10.000,0.000,51.357,0.000,0.051,-1.696,15.524,0.000,28.448,51.423,59.971,0.007,-2.361,15.608,0.843,27.548,0.000,0.000,0.000,0.000,0.000,0.000,0.000,22.000,2.000,2024.000,8.000,57.000,1.000
162.000,409.528,990.168,14.400,1.200,959.659,40.000,443169.690,0.000,0.000,0.000,0.000,10.000,0.000,51.411,0.000,0.076,-0.643,15.523,0.000,28.346,51.389,60.543,0.038,-0.780,15.606,0.255,27.597,0.000,0.000,0.000,0.000,0.000,0.000,0.000,22.000,2.000,2024.000,8.000,57.000,1.000
162.000,409.528,990.168,14.400,1.200,959.659,40.000,443169.690,0.000,0.000,0.000,0.000,10.000,0.000,51.461,0.000,0.063,-1.723,15.521,0.000,28.287,51.396,59.740,0.022,-1.418,15.600,0.919,27.580,0.000,0.000,0.000,0.000,0.000,0.000,0.000,22.000,2.000,2024.000,8.000,57.000,1.000
162.000,409.537,990.168,14.400,1.200,959.680,40.000,443174.597,0.000,0.000,0.000,0.000,10.000,0.000,51.442,0.000,0.056,-1.783,15.519,0.000,28.353,51.374,57.071,0.010,-1.821,15.592,0.875,27.587,0.000,0.000,0.000,0.000,0.000,0.000,0.000,22.000,2.000,2024.000,8.000,57.000,1.000
162.000,409.537,990.168,14.400,1.200,959.680,40.000,443174.597,0.000,0.000,0.000,0.000,10.000,0.000,51.324,0.000,0.054,-0.654,15.517,0.000,28.437,51.377,57.312,0.014,-0.862,15.599,0.803,27.580,0.000,0.000,0.000,0.000,0.000,0.000,0.000,22.000,2.000,2024.000,8.000,57.000,1.000
162.000,409.529,990.167,14.400,1.200,959.661,40.000,443170.012,0.000,0.000,0.000,0.000,10.000,0.000,51.405,0.000,0.036,-1.663,15.512,0.000,28.336,51.403,57.482,0.019,-1.434,15.616,0.320,27.566,0.000,0.000,0.000,0.000,0.000,0.000,0.000,22.000,2.000,2024.000,8.000,57.000,1.000
162.000,409.529,990.167,14.400,1.200,959.661,40.000,443170.012,0.000,0.000,0.000,0.000,10.000,0.000,51.416,0.000,0.022,-0.502,15.513,0.000,28.402,51.437,57.881,0.018,-2.421,15.613,0.350,27.538,0.000,0.000,0.000,0.000,0.000,0.000,0.000,22.000,2.000,2024.000,8.000,57.000,1.000
162.000,409.521,990.166,14.400,1.200,959.642,39.999,443165.426,0.000,0.000,0.000,0.000,10.000,0.000,51.395,0.000,0.076,-0.840,15.519,0.000,28.381,51.428,59.645,0.005,-0.687,15.602,0.668,27.548,0.000,0.000,0.000,0.000,0.000,0.000,0.000,22.000,2.000,2024.000,8.000,57.000,1.000
162.000,409.521,990.166,14.400,1.200,959.642,39.999,443165.426,0.000,0.000,0.000,0.000,10.000,0.000,51.426,0.000,0.021,-1.718,15.520,0.000,28.322,51.400,59.463,0.009,-2.040,15.604,0.116,27.562,0.000,0.000,0.000,0.000,0.000,0.000,0.000,22.000,2.000,2024.000,8.000,57.000,1.000
