189.000,409.008,989.290,14.740,1.197,958.431,40.015,442022.029,0.000,0.000,0.000,0.000,0.000,0.000,59.091,0.000,0.007,-0.731,16.047,0.000,37.245,59.100,-8.971,0.020,-0.720,16.112,0.071,36.590,0.000,0.000,0.000,0.000,0.000,0.000,0.000,22.000,2.000,2024.000,9.000,32.000,41.000
189.000,409.008,989.290,14.740,1.197,958.431,40.015,442022.029,0.000,0.000,0.000,0.000,0.000,0.000,59.096,0.000,0.006,-0.927,16.042,0.000,37.245,59.101,-8.763,0.013,-1.500,16.109,0.066,36.600,0.000,0.000,0.000,0.000,0.000,0.000,0.000,22.000,2.000,2024.000,9.000,32.000,41.000
189.000,408.997,989.288,14.740,1.197,958.405,40.015,442015.593,0.000,0.000,0.000,0.000,0.000,0.000,59.106,0.000,0.005,-0.627,16.031,0.000,37.230,59.105,-8.740,0.021,-1.865,16.102,0.015,36.600,0.000,0.000,0.000,0.000,0.000,0.000,0.000,22.000,2.000,2024.000,9.000,32.000,41.000
189.000,408.997,989.288,14.740,1.197,958.405,40.015,442015.593,0.000,0.000,0.000,0.000,0.000,0.000,59.099,0.000,0.005,-1.189,16.030,0.000,37.237,59.102,-8.737,0.011,-1.271,16.101,0.015,36.583,0.000,0.000,0.000,0.000,0.000,0.000,0.000,22.000,2.000,2024.000,9.000,32.000,41.000
189.000,408.981,989.289,14.740,1.197,958.368,40.014,442007.106,0.000,0.000,0.000,0.000,0.000,0.000,59.101,0.000,0.007,-0.938,16.029,0.000,37.237,59.089,-9.072,0.017,-0.840,16.098,0.181,36.579,0.000,0.000,0.000,0.000,0.000,0.000,0.000,22.000,2.000,2024.000,9.000,32.000,41.000
189.000,408.981,989.289,14.740,1.197,958.368,40.014,442007.106,0.000,0.000,0.000,0.000,0.000,0.000,59.094,0.000,0.004,-1.200,16.029,0.000,37.245,59.091,-9.439,0.018,-1.805,16.099,0.043,36.579,0.000,0.000,0.000,0.000,0.000,0.000,0.000,22.000,2.000,2024.000,9.000,32.000,41.000
189.000,408.981,989.289,14.740,1.197,958.368,40.014,442007.106,0.000,0.000,0.000,0.000,0.000,0.000,59.095,0.000,0.006,-1.380,16.036,0.000,37.248,59.096,-9.564,0.023,-0.840,16.109,0.120,36.604,0.000,0.000,0.000,0.000,0.000,0.000,0.000,22.000,2.000,2024.000,9.000,32.000,41.000
189.000,408.962,989.288,14.740,1.197,958.323,40.013,441996.538,0.000,0.000,0.000,0.000,0.000,0.000,59.100,0.000,0.008,-0.949,16.036,0.000,37.252,59.099,-9.225,0.016,-0.725,16.109,0.032,36.607,0.000,0.000,0.000,0.000,0.000,0.000,0.000,22.000,2.000,2024.000,9.000,32.000,41.000
189.000,408.962,989.288,14.740,1.197,958.323,40.013,441996.538,0.000,0.000,0.000,0.000,0.000,0.000,59.102,0.000,0.004,-1.772,16.052,0.000,37.237,59.102,-9.248,0.018,-1.407,16.090,0.063,36.593,0.000,0.000,0.000,0.000,0.000,0.000,0.000,22.000,2.000,2024.000,9.000,32.000,42.000
189.000,408.962,989.288,14.740,1.197,958.323,40.013,441996.538,0.000,0.000,0.000,0.000,0.000,0.000,59.107,0.000,0.001,-1.472,16.052,0.000,37.248,59.097,-9.376,0.019,-0.753,16.090,0.094,36.590,0.000,0.000,0.000,0.000,0.000,0.000,0.000,22.000,2.000,2024.000,9.000,32.000,42.000
189.000,408.962,989.288,14.740,1.197,958.323,40.013,441996.538,0.000,0.000,0.000,0.000,0.000,0.000,59.105,0.000,0.008,-0.834,16.044,0.000,37.241,59.106,-9.557,0.015,-0.600,16.102,0.037,36.572,0.000,0.000,0.000,0.000,0.000,0.000,0.000,22.000,2.000,2024.000,9.000,32.000,42.000
189.000,408.966,989.289,14.740,1.197,958.332,40.013,441998.939,0.000,0.000,0.000,0.000,0.000,0.000,59.099,0.000,0.013,-1.707,16.043,0.000,37.245,59.100,-9.483,0.022,-1.189,16.103,0.042,36.583,0.000,0.000,0.000,0.000,0.000,0.000,0.000,22.000,2.000,2024.000,9.000,32.000,42.000
189.000,408.966,989.289,14.740,1.197,958.332,40.013,441998.939,0.000,0.000,0.000,0.000,0.000,0.000,59.095,0.000,0.005,-0.927,16.051,0.000,37.248,59.100,-9.315,0.014,-0.687,16.103,0.072,36.590,0.000,0.000,0.000,0.000,0.000,0.000,0.000,22.000,2.000,2024.000,9.000,32.000,42.000
189.000,408.971,989.291,14.740,1.197,958.344,40.014,442002.108,0.000,0.000,0.000,0.000,0.000,0.000,59.109,0.000,0.006,-0.502,16.053,0.000,37.237,59.103,-9.457,0.020,-1.369,16.103,0.049,36.607,0.000,0.000,0.000,0.000,0.000,0.000,0.000,22.000,2.000,2024.000,9.000,32.000,42.000
189.000,408.971,989.291,14.740,1.197,958.344,40.014,442002.108,0.000,0.000,0.000,0.000,0.000,0.000,59.106,0.000,0.005,-0.665,16.056,0.000,37.241,59.114,-9.419,0.020,-1.113,16.091,0.112,36.583,0.000,0.000,0.000,0.000,0.000,0.000,0.000,22.000,2.000,2024.000,9.000,32.000,42.000
189.000,408.995,989.292,14.740,1.197,958.401,40.015,442015.398,0.000,0.000,0.000,0.000,0.000,0.000,59.088,0.000,0.005,-0.982,16.058,0.000,37.248,59.107,-8.881,0.018,-1.418,16.086,0.186,36.569,0.000,0.000,0.000,0.000,0.000,0.000,0.000,22.000,2.000,2024.000,9.000,32.000,42.000
189.000,408.995,989.292,14.740,1.197,958.401,40.015,442015.398,0.000,0.000,0.000,0.000,0.000,0.000,59.096,0.000,0.005,-1.205,16.050,0.000,37.245,59.091,-8.643,0.016,-0.954,16.094,0.032,36.583,0.000,0.000,0.000,0.000,0.000,0.000,0.000,22.000,2.000,2024.000,9.000,32.000,42.000
189.000,408.995,989.292,14.740,1.197,958.401,40.015,442015.398,0.000,0.000,0.000,0.000,0.000,0.000,59.098,0.000,0.006,-0.698,16.045,0.000,37.245,59.094,-8.768,0.023,-2.007,16.099,0.076,36.572,0.000,0.000,0.000,0.000,0.000,0.000,0.000,22.000,2.000,2024.000,9.000,32.000,42.000
189.000,408.978,989.293,14.740,1.197,958.360,40.014,442006.366,0.000,0.000,0.000,0.000,0.000,0.000,59.099,0.000,0.007,-1.532,16.047,0.000,37.248,59.093,-8.876,0.017,-1.320,16.101,0.051,36.607,0.000,0.000,0.000,0.000,0.000,0.000,0.000,22.000,2.000,2024.000,9.000,32.000,43.000
189.000,408.978,989.293,14.740,1.197,958.360,40.014,442006.366,0.000,0.000,0.000,0.000,0.000,0.000,59.099,0.000,0.006,-0.774,16.050,0.000,37.245,59.096,-8.886,0.019,-0.780,16.103,0.061,36.607,0.000,0.000,0.000,0.000,0.000,0.000,0.000,22.000,2.000,2024.000,9.000,32.000,43.000
189.000,408.968,989.296,14.740,1.197,958.337,40.013,442001.591,0.000,0.000,0.000,0.000,0.000,0.000,59.094,0.000,0.007,-1.238,16.052,0.000,37.237,59.099,-8.901,0.013,-1.767,16.098,0.090,36.593,0.000,0.000,0.000,0.000,0.000,0.000,0.000,22.000,2.000,2024.000,9.000,32.000,43.000
189.000,408.968,989.296,14.740,1.197,958.337,40.013,442001.591,0.000,0.000,0.000,0.000,0.000,0.000,59.103,0.000,0.002,-1.222,16.055,0.000,37.237,59.107,-8.550,0.022,-0.807,16.092,0.065,36.565,0.000,0.000,0.000,0.000,0.000,0.000,0.000,22.000,2.000,2024.000,9.000,32.000,43.000
189.000,408.932,989.294,14.740,1.197,958.252,40.012,441981.544,0.000,0.000,0.000,0.000,0.000,0.000,59.101,0.000,0.008,-1.020,16.055,0.000,37.237,59.100,-8.542,0.022,-0.791,16.097,0.050,36.569,0.000,0.000,0.000,0.000,0.000,0.000,0.000,22.000,2.000,2024.000,9.000,32.000,43.000
189.000,408.932,989.294,14.740,1.197,958.252,40.012,441981.544,0.000,0.000,0.000,0.000,0.000,0.000,59.096,0.000,0.007,-1.636,16.056,0.000,37.248,59.094,-8.738,0.021,-1.380,16.109,0.051,36.593,0.000,0.000,0.000,0.000,0.000,0.000,0.000,22.000,2.000,2024.000,9.000,32.000,43.000
189.000,408.936,989.290,14.760,1.197,958.261,40.013,441943.615,0.000,0.000,0.000,0.000,0.000,0.000,59.097,0.000,0.010,-1.429,16.050,0.000,37.245,59.098,-8.919,0.018,-0.665,16.104,0.055,36.607,0.000,0.000,0.000,0.000,0.000,0.000,0.000,22.000,2.000,2024.000,9.000,32.000,43.000
189.000,408.936,989.290,14.760,1.197,958.261,40.013,441943.615,0.000,0.000,0.000,0.000,0.000,0.000,59.097,0.000,0.008,-1.625,16.028,0.000,37.241,59.104,-8.693,0.015,-1.200,16.085,0.080,36.600,0.000,0.000,0.000,0.000,0.000,0.000,0.000,22.000,2.000,2024.000,9.000,32.000,43.000
189.000,408.919,989.288,14.740,1.197,958.221,40.011,441973.125,0.000,0.000,0.000,0.000,0.000,0.000,59.095,0.000,0.004,-0.900,16.030,0.000,37.245,59.103,-8.403,0.016,-0.709,16.088,0.146,36.593,0.000,0.000,0.000,0.000,0.000,0.000,0.000,22.000,2.000,2024.000,9.000,32.000,43.000
189.000,408.919,989.288,14.740,1.197,958.221,40.011,441973.125,0.000,0.000,0.000,0.000,0.000,0.000,59.103,0.000,0.006,-0.382,16.041,0.000,37.245,59.095,-8.370,0.024,-1.614,16.109,0.090,36.569,0.000,0.000,0.000,0.000,0.000,0.000,0.000,22.000,2.000,2024.000,9.000,32.000,43.000
189.000,408.919,989.288,14.740,1.197,958.221,40.011,441973.125,0.000,0.000,0.000,0.000,0.000,0.000,59.103,0.000,0.004,-1.358,16.041,0.000,37.248,59.097,-8.516,0.020,-0.976,16.109,0.042,36.586,0.000,0.000,0.000,0.000,0.000,0.000,0.000,22.000,2.000,2024.000,9.000,32.000,44.000
189.000,408.886,989.288,14.740,1.197,958.143,40.009,441955.157,0.000,0.000,0.000,0.000,0.000,0.000,59.104,0.000,0.008,-0.600,16.046,0.000,37.245,59.088,-8.694,0.019,-1.074,16.112,0.141,36.614,0.000,0.000,0.000,0.000,0.000,0.000,0.000,22.000,2.000,2024.000,9.000,32.000,44.000
189.000,408.886,989.288,14.740,1.197,958.143,40.009,441955.157,0.000,0.000,0.000,0.000,0.000,0.000,59.102,0.000,0.002,-1.156,16.046,0.000,37.245,59.098,-8.871,0.020,-1.413,16.112,0.032,36.614,0.000,0.000,0.000,0.000,0.000,0.000,0.000,22.000,2.000,2024.000,9.000,32.000,44.000
189.000,408.833,989.289,14.760,1.197,958.018,40.008,441887.312,0.000,0.000,0.000,0.000,0.000,0.000,59.100,0.000,0.008,-1.107,16.024,0.000,37.245,59.099,-8.669,0.020,-0.840,16.095,0.072,36.604,0.000,0.000,0.000,0.000,0.000,0.000,0.000,22.000,2.000,2024.000,9.000,32.000,44.000
189.000,408.833,989.289,14.760,1.197,958.018,40.008,441887.312,0.000,0.000,0.000,0.000,0.000,0.000,59.094,0.000,0.006,-0.747,16.022,0.000,37.230,59.094,-8.740,0.020,-1.821,16.093,0.029,36.583,0.000,0.000,0.000,0.000,0.000,0.000,0.000,22.000,2.000,2024.000,9.000,32.000,44.000
189.000,408.806,989.289,14.740,1.197,957.954,40.006,441911.817,0.000,0.000,0.000,0.000,0.000,0.000,59.098,0.000,0.011,-1.467,16.035,0.000,37.252,59.092,-8.937,0.017,-1.254,16.100,0.047,36.572,0.000,0.000,0.000,0.000,0.000,0.000,0.000,22.000,2.000,2024.000,9.000,32.000,44.000
189.000,408.806,989.289,14.740,1.197,957.954,40.006,441911.817,0.000,0.000,0.000,0.000,0.000,0.000,59.102,0.000,0.005,-0.736,16.038,0.000,37.245,59.109,-8.950,0.020,-0.720,16.102,0.097,36.600,0.000,0.000,0.000,0.000,0.000,0.000,0.000,22.000,2.000,2024.000,9.000,32.000,44.000
189.000,408.799,989.291,14.760,1.197,957.938,40.007,441869.246,0.000,0.000,0.000,0.000,0.000,0.000,59.098,0.000,0.005,-1.407,16.038,0.000,37.248,59.108,-8.668,0.019,-1.718,16.097,0.136,36.607,0.000,0.000,0.000,0.000,0.000,0.000,0.000,22.000,2.000,2024.000,9.000,32.000,44.000
189.000,408.799,989.291,14.760,1.197,957.938,40.007,441869.246,0.000,0.000,0.000,0.000,0.000,0.000,59.100,0.000,0.008,-1.320,16.038,0.000,37.245,59.096,-8.501,0.020,-0.763,16.095,0.030,36.618,0.000,0.000,0.000,0.000,0.000,0.000,0.000,22.000,2.000,2024.000,9.000,32.000,44.000
189.000,408.836,989.292,14.760,1.197,958.025,40.008,441889.616,0.000,0.000,0.000,0.000,0.000,0.000,59.100,0.000,0.006,-1.821,16.048,0.000,37.245,59.102,-8.548,0.020,-1.342,16.098,0.057,36.590,0.000,0.000,0.000,0.000,0.000,0.000,0.000,22.000,2.000,2024.000,9.000,32.000,44.000
189.000,408.836,989.292,14.760,1.197,958.025,40.008,441889.616,0.000,0.000,0.000,0.000,0.000,0.000,59.098,0.000,0.004,-1.282,16.054,0.000,37.245,59.105,-8.434,0.022,-0.584,16.100,0.090,36.572,0.000,0.000,0.000,0.000,0.000,0.000,0.000,22.000,2.000,2024.000,9.000,32.000,45.000
189.000,408.829,989.293,14.760,1.197,958.009,40.008,441886.028,0.000,0.000,0.000,0.000,0.000,0.000,59.102,0.000,0.011,-0.682,16.050,0.000,37.252,59.098,-8.278,0.017,-0.485,16.102,0.074,36.586,0.000,0.000,0.000,0.000,0.000,0.000,0.000,22.000,2.000,2024.000,9.000,32.000,45.000
189.000,408.829,989.293,14.760,1.197,958.009,40.008,441886.028,0.000,0.000,0.000,0.000,0.000,0.000,59.098,0.000,0.006,-1.658,16.046,0.000,37.241,59.110,-8.248,0.022,-1.069,16.104,0.171,36.586,0.000,0.000,0.000,0.000,0.000,0.000,0.000,22.000,2.000,2024.000,9.000,32.000,45.000
189.000,408.829,989.293,14.760,1.197,958.009,40.008,441886.028,0.000,0.000,0.000,0.000,0.000,0.000,59.091,0.000,0.005,-0.791,16.045,0.000,37.245,59.103,-7.595,0.020,-1.009,16.104,0.147,36.604,0.000,0.000,0.000,0.000,0.000,0.000,0.000,22.000,2.000,2024.000,9.000,32.000,45.000
189.000,408.843,989.293,14.760,1.197,958.042,40.009,441893.651,0.000,0.000,0.000,0.000,0.000,0.000,59.103,0.000,0.012,-0.344,16.044,0.000,37.245,59.100,-7.218,0.020,-1.554,16.104,0.055,36.600,0.000,0.000,0.000,0.000,0.000,0.000,0.000,22.000,2.000,2024.000,9.000,32.000,45.000
189.000,408.843,989.293,14.760,1.197,958.042,40.009,441893.651,0.000,0.000,0.000,0.000,0.000,0.000,59.107,0.000,0.005,-1.287,16.047,0.000,37.224,59.106,-7.316,0.020,-0.894,16.103,0.049,36.579,0.000,0.000,0.000,0.000,0.000,0.000,0.000,22.000,2.000,2024.000,9.000,32.000,45.000
189.000,408.825,989.290,14.760,1.197,957.999,40.008,441883.180,0.000,0.000,0.000,0.000,0.000,0.000,59.104,0.000,0.011,-0.551,16.053,0.000,37.230,59.097,-7.604,0.017,-1.314,16.099,0.096,36.576,0.000,0.000,0.000,0.000,0.000,0.000,0.000,22.000,2.000,2024.000,9.000,32.000,45.000
189.000,408.825,989.290,14.760,1.197,957.999,40.008,441883.180,0.000,0.000,0.000,0.000,0.000,0.000,59.107,0.000,0.004,-1.058,16.058,0.000,37.248,59.098,-7.789,0.021,-1.527,16.100,0.145,36.569,0.000,0.000,0.000,0.000,0.000,0.000,0.000,22.000,2.000,2024.000,9.000,32.000,45.000
189.000,408.822,989.288,14.760,1.197,957.992,40.008,441881.099,0.000,0.000,0.000,0.000,0.000,0.000,59.107,0.000,0.002,-1.178,16.079,0.000,37.241,59.109,-8.037,0.015,-0.905,16.104,0.072,36.593,0.000,0.000,0.000,0.000,0.000,0.000,0.000,22.000,2.000,2024.000,9.000,32.000,45.000
189.000,408.822,989.288,14.760,1.197,957.992,40.008,441881.099,0.000,0.000,0.000,0.000,0.000,0.000,59.103,0.000,0.006,-0.927,16.078,0.000,37.241,59.109,-7.838,0.019,-1.789,16.105,0.105,36.604,0.000,0.000,0.000,0.000,0.000,0.000,0.000,22.000,2.000,2024.000,9.000,32.000,45.000
189.000,408.830,989.288,14.760,1.197,958.011,40.008,441885.455,0.000,0.000,0.000,0.000,0.000,0.000,59.102,0.000,0.009,-0.873,16.062,0.000,37.237,59.100,-7.846,0.012,-0.676,16.115,0.040,36.590,0.000,0.000,0.000,0.000,0.000,0.000,0.000,22.000,2.000,2024.000,9.000,32.000,46.000
189.000,408.830,989.288,14.760,1.197,958.011,40.008,441885.455,0.000,0.000,0.000,0.000,0.000,0.000,59.103,0.000,0.008,-1.445,16.062,0.000,37.248,59.102,-7.925,0.023,-1.685,16.115,0.055,36.572,0.000,0.000,0.000,0.000,0.000,0.000,0.000,22.000,2.000,2024.000,9.000,32.000,46.000
