209.000,407.492,988.352,15.160,1.194,954.852,39.989,440166.489,0.000,0.000,0.000,0.000,0.005,0.000,66.903,0.000,0.006,-1.402,16.887,0.000,40.391,66.914,-68.851,0.029,-0.867,16.860,0.161,38.267,0.000,0.000,0.000,0.000,0.000,0.000,0.000,22.000,2.000,2024.000,10.000,10.000,39.000
209.000,407.486,988.350,15.180,1.194,954.838,39.990,440123.793,0.000,0.000,0.000,0.000,0.005,0.000,66.910,0.000,0.006,-0.371,16.893,0.000,40.377,66.901,-68.643,0.024,-1.729,16.854,0.036,38.351,0.000,0.000,0.000,0.000,0.000,0.000,0.000,22.000,2.000,2024.000,10.000,10.000,39.000
209.000,407.486,988.350,15.180,1.194,954.838,39.990,440123.793,0.000,0.000,0.000,0.000,0.005,0.000,66.903,0.000,0.013,-1.603,16.893,0.000,40.381,66.907,-68.705,0.030,-1.254,16.856,0.082,38.288,0.000,0.000,0.000,0.000,0.000,0.000,0.000,22.000,2.000,2024.000,10.000,10.000,39.000
209.000,407.450,988.351,15.180,1.194,954.753,39.988,440104.428,0.000,0.000,0.000,0.000,0.005,0.000,66.901,0.000,0.006,-1.074,16.894,0.000,40.388,66.912,-68.390,0.033,-1.838,16.860,0.087,38.333,0.000,0.000,0.000,0.000,0.000,0.000,0.000,22.000,2.000,2024.000,10.000,10.000,39.000
209.000,407.450,988.351,15.180,1.194,954.753,39.988,440104.428,0.000,0.000,0.000,0.000,0.005,0.000,66.914,0.000,0.010,-1.374,16.890,0.000,40.370,66.899,-68.540,0.022,-1.434,16.857,0.144,38.330,0.000,0.000,0.000,0.000,0.000,0.000,0.000,22.000,2.000,2024.000,10.000,10.000,40.000
209.000,407.450,988.351,15.180,1.194,954.753,39.988,440104.428,0.000,0.000,0.000,0.000,0.005,0.000,66.890,0.000,0.007,-1.336,16.872,0.000,40.395,66.910,-68.297,0.027,-1.298,16.846,0.226,38.333,0.000,0.000,0.000,0.000,0.000,0.000,0.000,22.000,2.000,2024.000,10.000,10.000,40.000
209.000,407.427,988.351,15.180,1.194,954.699,39.987,440091.913,0.000,0.000,0.000,0.000,0.005,0.000,66.897,0.000,0.010,-1.243,16.875,0.000,40.388,66.909,-67.890,0.024,-1.576,16.847,0.101,38.312,0.000,0.000,0.000,0.000,0.000,0.000,0.000,22.000,2.000,2024.000,10.000,10.000,40.000
209.000,407.427,988.351,15.180,1.194,954.699,39.987,440091.913,0.000,0.000,0.000,0.000,0.005,0.000,66.893,0.000,0.006,-0.916,16.904,0.000,40.388,66.895,-67.497,0.021,-1.118,16.856,0.080,38.337,0.000,0.000,0.000,0.000,0.000,0.000,0.000,22.000,2.000,2024.000,10.000,10.000,40.000
209.000,407.408,988.350,15.180,1.194,954.654,39.986,440081.351,0.000,0.000,0.000,0.000,0.005,0.000,66.893,0.000,0.010,-0.922,16.904,0.000,40.402,66.896,-67.162,0.027,-1.249,16.856,0.089,38.309,0.000,0.000,0.000,0.000,0.000,0.000,0.000,22.000,2.000,2024.000,10.000,10.000,40.000
209.000,407.408,988.350,15.180,1.194,954.654,39.986,440081.351,0.000,0.000,0.000,0.000,0.005,0.000,66.901,0.000,0.009,-0.933,16.880,0.000,40.384,66.901,-67.404,0.020,-0.709,16.832,0.042,38.347,0.000,0.000,0.000,0.000,0.000,0.000,0.000,22.000,2.000,2024.000,10.000,10.000,40.000
209.000,407.379,988.352,15.180,1.194,954.585,39.985,440066.016,0.000,0.000,0.000,0.000,0.005,0.000,66.886,0.000,0.013,-0.627,16.880,0.000,40.384,66.903,-67.085,0.023,-0.900,16.832,0.237,38.309,0.000,0.000,0.000,0.000,0.000,0.000,0.000,22.000,2.000,2024.000,10.000,10.000,40.000
209.000,407.379,988.352,15.180,1.194,954.585,39.985,440066.016,0.000,0.000,0.000,0.000,0.005,0.000,66.907,0.000,0.014,-0.638,16.897,0.000,40.388,66.896,-66.705,0.028,-0.584,16.853,0.152,38.337,0.000,0.000,0.000,0.000,0.000,0.000,0.000,22.000,2.000,2024.000,10.000,10.000,40.000
209.000,407.386,988.351,15.180,1.194,954.602,39.985,440069.603,0.000,0.000,0.000,0.000,0.005,0.000,66.911,0.000,0.014,-0.922,16.898,0.000,40.370,66.886,-67.741,0.024,-0.796,16.855,0.331,38.330,0.000,0.000,0.000,0.000,0.000,0.000,0.000,22.000,2.000,2024.000,10.000,10.000,40.000
209.000,407.386,988.351,15.180,1.194,954.602,39.985,440069.603,0.000,0.000,0.000,0.000,0.005,0.000,66.893,0.000,0.004,-0.349,16.878,0.000,40.377,66.899,-67.994,0.030,-1.314,16.856,0.068,38.326,0.000,0.000,0.000,0.000,0.000,0.000,0.000,22.000,2.000,2024.000,10.000,10.000,40.000
209.000,407.384,988.350,15.180,1.194,954.597,39.985,440068.292,0.000,0.000,0.000,0.000,0.005,0.000,66.899,0.000,0.010,-1.413,16.873,0.000,40.384,66.902,-67.573,0.026,-0.845,16.856,0.160,38.323,0.000,0.000,0.000,0.000,0.000,0.000,0.000,22.000,2.000,2024.000,10.000,10.000,41.000
209.000,407.384,988.350,15.180,1.194,954.597,39.985,440068.292,0.000,0.000,0.000,0.000,0.005,0.000,66.889,0.000,0.011,-1.663,16.893,0.000,40.370,66.904,-67.249,0.029,-1.178,16.860,0.090,38.333,0.000,0.000,0.000,0.000,0.000,0.000,0.000,22.000,2.000,2024.000,10.000,10.000,41.000
209.000,407.384,988.350,15.180,1.194,954.597,39.985,440068.292,0.000,0.000,0.000,0.000,0.005,0.000,66.892,0.000,0.003,-1.407,16.902,0.000,40.391,66.906,-66.859,0.030,-1.756,16.862,0.117,38.277,0.000,0.000,0.000,0.000,0.000,0.000,0.000,22.000,2.000,2024.000,10.000,10.000,41.000
209.000,407.374,988.351,15.180,1.194,954.574,39.984,440063.073,0.000,0.000,0.000,0.000,0.005,0.000,66.892,0.000,0.006,-1.434,16.905,0.000,40.381,66.894,-66.568,0.029,-1.685,16.865,0.088,38.333,0.000,0.000,0.000,0.000,0.000,0.000,0.000,22.000,2.000,2024.000,10.000,10.000,41.000
209.000,407.374,988.351,15.180,1.194,954.574,39.984,440063.073,0.000,0.000,0.000,0.000,0.005,0.000,66.885,0.000,0.006,-1.303,16.906,0.000,40.398,66.893,-66.248,0.025,-1.614,16.866,0.106,38.288,0.000,0.000,0.000,0.000,0.000,0.000,0.000,22.000,2.000,2024.000,10.000,10.000,41.000
209.000,407.356,988.349,15.180,1.194,954.531,39.983,440052.832,0.000,0.000,0.000,0.000,0.005,0.000,66.892,0.000,0.009,-1.014,16.912,0.000,40.398,66.893,-66.047,0.029,-1.265,16.856,0.074,38.330,0.000,0.000,0.000,0.000,0.000,0.000,0.000,22.000,2.000,2024.000,10.000,10.000,41.000
209.000,407.356,988.349,15.180,1.194,954.531,39.983,440052.832,0.000,0.000,0.000,0.000,0.005,0.000,66.896,0.000,0.003,-1.036,16.918,0.000,40.391,66.883,-66.283,0.025,-1.271,16.846,0.132,38.309,0.000,0.000,0.000,0.000,0.000,0.000,0.000,22.000,2.000,2024.000,10.000,10.000,41.000
209.000,407.349,988.349,15.180,1.194,954.515,39.983,440049.023,0.000,0.000,0.000,0.000,0.005,0.000,66.902,0.000,0.008,-1.036,16.911,0.000,40.391,66.897,-66.503,0.024,-0.916,16.852,0.059,38.319,0.000,0.000,0.000,0.000,0.000,0.000,0.000,22.000,2.000,2024.000,10.000,10.000,41.000
209.000,407.349,988.349,15.180,1.194,954.515,39.983,440049.023,0.000,0.000,0.000,0.000,0.005,0.000,66.896,0.000,0.008,-0.676,16.900,0.000,40.391,66.898,-66.668,0.026,-0.982,16.860,0.061,38.326,0.000,0.000,0.000,0.000,0.000,0.000,0.000,22.000,2.000,2024.000,10.000,10.000,41.000
209.000,407.359,988.350,15.180,1.194,954.538,39.984,440054.687,0.000,0.000,0.000,0.000,0.005,0.000,66.913,0.000,0.017,-0.720,16.893,0.000,40.402,66.890,-66.814,0.026,-0.682,16.854,0.210,38.316,0.000,0.000,0.000,0.000,0.000,0.000,0.000,22.000,2.000,2024.000,10.000,10.000,41.000
209.000,407.359,988.350,15.180,1.194,954.538,39.984,440054.687,0.000,0.000,0.000,0.000,0.005,0.000,66.903,0.000,0.011,-0.627,16.876,0.000,40.363,66.901,-67.391,0.027,-0.622,16.841,0.089,38.361,0.000,0.000,0.000,0.000,0.000,0.000,0.000,22.000,2.000,2024.000,10.000,10.000,42.000
209.000,407.361,988.353,15.180,1.194,954.543,39.984,440056.443,0.000,0.000,0.000,0.000,0.005,0.000,66.899,0.000,0.014,-0.414,16.882,0.000,40.398,66.902,-67.166,0.023,-1.058,16.842,0.055,38.309,0.000,0.000,0.000,0.000,0.000,0.000,0.000,22.000,2.000,2024.000,10.000,10.000,42.000
209.000,407.361,988.353,15.180,1.194,954.543,39.984,440056.443,0.000,0.000,0.000,0.000,0.005,0.000,66.917,0.000,0.012,-1.363,16.906,0.000,40.388,66.900,-67.390,0.030,-0.578,16.849,0.090,38.344,0.000,0.000,0.000,0.000,0.000,0.000,0.000,22.000,2.000,2024.000,10.000,10.000,42.000
209.000,407.361,988.353,15.180,1.194,954.543,39.984,440056.443,0.000,0.000,0.000,0.000,0.005,0.000,66.908,0.000,0.007,-1.538,16.905,0.000,40.384,66.895,-67.852,0.024,-0.758,16.850,0.114,38.340,0.000,0.000,0.000,0.000,0.000,0.000,0.000,22.000,2.000,2024.000,10.000,10.000,42.000
209.000,407.351,988.352,15.180,1.194,954.519,39.983,440050.779,0.000,0.000,0.000,0.000,0.005,0.000,66.901,0.000,0.009,-1.369,16.895,0.000,40.391,66.913,-67.872,0.026,-1.636,16.864,0.057,38.298,0.000,0.000,0.000,0.000,0.000,0.000,0.000,22.000,2.000,2024.000,10.000,10.000,42.000
209.000,407.351,988.352,15.180,1.194,954.519,39.983,440050.779,0.000,0.000,0.000,0.000,0.005,0.000,66.896,0.000,0.008,-1.603,16.895,0.000,40.395,66.908,-67.570,0.027,-1.680,16.864,0.091,38.340,0.000,0.000,0.000,0.000,0.000,0.000,0.000,22.000,2.000,2024.000,10.000,10.000,42.000
209.000,407.322,988.353,15.180,1.194,954.451,39.982,440035.220,0.000,0.000,0.000,0.000,0.005,0.000,66.897,0.000,0.014,-1.309,16.905,0.000,40.391,66.890,-67.442,0.029,-1.532,16.837,0.081,38.361,0.000,0.000,0.000,0.000,0.000,0.000,0.000,22.000,2.000,2024.000,10.000,10.000,42.000
209.000,407.322,988.353,15.180,1.194,954.451,39.982,440035.220,0.000,0.000,0.000,0.000,0.005,0.000,66.907,0.000,0.010,-1.325,16.905,0.000,40.388,66.886,-68.004,0.029,-1.472,16.837,0.257,38.319,0.000,0.000,0.000,0.000,0.000,0.000,0.000,22.000,2.000,2024.000,10.000,10.000,42.000
209.000,407.295,988.354,15.180,1.194,954.387,39.980,440020.748,0.000,0.000,0.000,0.000,0.005,0.000,66.904,0.000,0.012,-1.369,16.886,0.000,40.377,66.892,-68.727,0.029,-1.134,16.843,0.230,38.344,0.000,0.000,0.000,0.000,0.000,0.000,0.000,22.000,2.000,2024.000,10.000,10.000,42.000
209.000,407.295,988.354,15.180,1.194,954.387,39.980,440020.748,0.000,0.000,0.000,0.000,0.005,0.000,66.898,0.000,0.004,-1.042,16.883,0.000,40.384,66.885,-69.276,0.024,-1.276,16.844,0.113,38.302,0.000,0.000,0.000,0.000,0.000,0.000,0.000,22.000,2.000,2024.000,10.000,10.000,42.000
209.000,407.292,988.354,15.180,1.194,954.380,39.980,440019.116,0.000,0.000,0.000,0.000,0.005,0.000,66.873,0.000,0.008,-0.818,16.910,0.000,40.388,66.892,-69.283,0.027,-1.020,16.855,0.213,38.344,0.000,0.000,0.000,0.000,0.000,0.000,0.000,22.000,2.000,2024.000,10.000,10.000,43.000
209.000,407.292,988.354,15.180,1.194,954.380,39.980,440019.116,0.000,0.000,0.000,0.000,0.005,0.000,66.897,0.000,0.011,-0.916,16.916,0.000,40.405,66.905,-68.775,0.022,-0.802,16.858,0.081,38.305,0.000,0.000,0.000,0.000,0.000,0.000,0.000,22.000,2.000,2024.000,10.000,10.000,43.000
209.000,407.283,988.355,15.180,1.194,954.359,39.980,440014.440,0.000,0.000,0.000,0.000,0.005,0.000,66.907,0.000,0.010,-0.425,16.912,0.000,40.381,66.901,-68.794,0.025,-0.883,16.861,0.064,38.344,0.000,0.000,0.000,0.000,0.000,0.000,0.000,22.000,2.000,2024.000,10.000,10.000,43.000
209.000,407.283,988.355,15.180,1.194,954.359,39.980,440014.440,0.000,0.000,0.000,0.000,0.005,0.000,66.908,0.000,0.008,-0.556,16.910,0.000,40.381,66.897,-69.007,0.024,-0.720,16.863,0.099,38.309,0.000,0.000,0.000,0.000,0.000,0.000,0.000,22.000,2.000,2024.000,10.000,10.000,43.000
209.000,407.283,988.355,15.180,1.194,954.359,39.980,440014.440,0.000,0.000,0.000,0.000,0.005,0.000,66.894,0.000,0.009,-0.507,16.900,0.000,40.395,66.911,-68.891,0.020,-1.472,16.860,0.223,38.316,0.000,0.000,0.000,0.000,0.000,0.000,0.000,22.000,2.000,2024.000,10.000,10.000,43.000
209.000,407.277,988.355,15.180,1.194,954.345,39.979,440011.175,0.000,0.000,0.000,0.000,0.005,0.000,66.899,0.000,0.017,-1.522,16.893,0.000,40.405,66.900,-68.461,0.024,-0.693,16.859,0.106,38.298,0.000,0.000,0.000,0.000,0.000,0.000,0.000,22.000,2.000,2024.000,10.000,10.000,43.000
209.000,407.277,988.355,15.180,1.194,954.345,39.979,440011.175,0.000,0.000,0.000,0.000,0.005,0.000,66.896,0.000,0.008,-0.960,16.896,0.000,40.381,66.895,-68.521,0.026,-1.636,16.867,0.034,38.330,0.000,0.000,0.000,0.000,0.000,0.000,0.000,22.000,2.000,2024.000,10.000,10.000,43.000
209.000,407.259,988.356,15.180,1.194,954.302,39.979,440001.601,0.000,0.000,0.000,0.000,0.005,0.000,66.893,0.000,0.011,-1.707,16.898,0.000,40.398,66.904,-68.191,0.022,-1.314,16.875,0.097,38.298,0.000,0.000,0.000,0.000,0.000,0.000,0.000,22.000,2.000,2024.000,10.000,10.000,43.000
209.000,407.259,988.356,15.180,1.194,954.302,39.979,440001.601,0.000,0.000,0.000,0.000,0.005,0.000,66.908,0.000,0.010,-1.282,16.904,0.000,40.374,66.902,-68.174,0.029,-1.756,16.862,0.043,38.323,0.000,0.000,0.000,0.000,0.000,0.000,0.000,22.000,2.000,2024.000,10.000,10.000,43.000
209.000,407.231,988.356,15.180,1.194,954.236,39.977,439986.362,0.000,0.000,0.000,0.000,0.005,0.000,66.916,0.000,0.012,-1.358,16.912,0.000,40.377,66.899,-68.461,0.025,-1.527,16.843,0.088,38.295,0.000,0.000,0.000,0.000,0.000,0.000,0.000,22.000,2.000,2024.000,10.000,10.000,43.000
209.000,407.231,988.356,15.180,1.194,954.236,39.977,439986.362,0.000,0.000,0.000,0.000,0.005,0.000,66.900,0.000,0.011,-1.445,16.908,0.000,40.377,66.911,-68.277,0.026,-1.565,16.852,0.116,38.337,0.000,0.000,0.000,0.000,0.000,0.000,0.000,22.000,2.000,2024.000,10.000,10.000,44.000
209.000,407.237,988.352,15.180,1.194,954.250,39.978,439988.737,0.000,0.000,0.000,0.000,0.005,0.000,66.893,0.000,0.017,-1.063,16.901,0.000,40.381,66.909,-68.123,0.029,-1.500,16.873,0.122,38.302,0.000,0.000,0.000,0.000,0.000,0.000,0.000,22.000,2.000,2024.000,10.000,10.000,44.000
209.000,407.237,988.352,15.180,1.194,954.250,39.978,439988.737,0.000,0.000,0.000,0.000,0.005,0.000,66.911,0.000,0.015,-1.074,16.905,0.000,40.412,66.904,-67.840,0.022,-1.189,16.874,0.063,38.337,0.000,0.000,0.000,0.000,0.000,0.000,0.000,22.000,2.000,2024.000,10.000,10.000,44.000
209.000,407.237,988.352,15.180,1.194,954.250,39.978,439988.737,0.000,0.000,0.000,0.000,0.005,0.000,66.901,0.000,0.022,-1.134,16.919,0.000,40.377,66.903,-68.105,0.030,-0.834,16.875,0.131,38.351,0.000,0.000,0.000,0.000,0.000,0.000,0.000,22.000,2.000,2024.000,10.000,10.000,44.000
209.000,407.239,988.352,15.180,1.194,954.255,39.978,439989.826,0.000,0.000,0.000,0.000,0.005,0.000,66.911,0.000,0.007,-0.578,16.917,0.000,40.402,66.903,-68.078,0.026,-1.053,16.872,0.130,38.330,0.000,0.000,0.000,0.000,0.000,0.000,0.000,22.000,2.000,2024.000,10.000,10.000,44.000
209.000,407.239,988.352,15.180,1.194,954.255,39.978,439989.826,0.000,0.000,0.000,0.000,0.005,0.000,66.900,0.000,0.010,-0.807,16.900,0.000,40.374,66.894,-68.381,0.023,-0.747,16.848,0.055,38.351,0.000,0.000,0.000,0.000,0.000,0.000,0.000,22.000,2.000,2024.000,10.000,10.000,44.000
209.000,407.265,988.355,15.180,1.194,954.316,39.979,440004.644,0.000,0.000,0.000,0.000,0.005,0.000,66.910,0.000,0.011,-0.622,16.900,0.000,40.377,66.892,-68.539,0.026,-0.944,16.848,0.162,38.354,0.000,0.000,0.000,0.000,0.000,0.000,0.000,22.000,2.000,2024.000,10.000,10.000,44.000
209.000,407.265,988.355,15.180,1.194,954.316,39.979,440004.644,0.000,0.000,0.000,0.000,0.005,0.000,66.915,0.000,0.006,-1.232,16.916,0.000,40.381,66.911,-68.945,0.019,-0.643,16.850,0.089,38.298,0.000,0.000,0.000,0.000,0.000,0.000,0.000,22.000,2.000,2024.000,10.000,10.000,44.000
209.000,407.272,988.353,15.180,1.194,954.333,39.979,440008.008,0.000,0.000,0.000,0.000,0.005,0.000,66.887,0.000,0.011,-0.714,16.916,0.000,40.395,66.896,-68.960,0.023,-1.298,16.850,0.161,38.351,0.000,0.000,0.000,0.000,0.000,0.000,0.000,22.000,2.000,2024.000,10.000,10.000,44.000
209.000,407.272,988.353,15.180,1.194,954.333,39.979,440008.008,0.000,0.000,0.000,0.000,0.005,0.000,66.901,0.000,0.018,-1.816,16.899,0.000,40.381,66.905,-68.371,0.023,-1.020,16.874,0.066,38.302,0.000,0.000,0.000,0.000,0.000,0.000,0.000,22.000,2.000,2024.000,10.000,10.000,44.000
209.000,407.300,988.356,15.180,1.194,954.399,39.981,440023.915,0.000,0.000,0.000,0.000,0.005,0.000,66.896,0.000,0.008,-0.878,16.897,0.000,40.377,66.920,-68.044,0.020,-1.925,16.876,0.245,38.333,0.000,0.000,0.000,0.000,0.000,0.000,0.000,22.000,2.000,2024.000,10.000,10.000,45.000
209.000,407.300,988.356,15.180,1.194,954.399,39.981,440023.915,0.000,0.000,0.000,0.000,0.005,0.000,66.912,0.000,0.009,-1.516,16.886,0.000,40.381,66.923,-67.339,0.028,-1.653,16.856,0.137,38.305,0.000,0.000,0.000,0.000,0.000,0.000,0.000,22.000,2.000,2024.000,10.000,10.000,45.000
209.000,407.323,988.357,15.180,1.194,954.453,39.982,440036.654,0.000,0.000,0.000,0.000,0.005,0.000,66.910,0.000,0.009,-1.598,16.883,0.000,40.374,66.907,-67.196,0.029,-2.078,16.851,0.044,38.263,0.000,0.000,0.000,0.000,0.000,0.000,0.000,22.000,2.000,2024.000,10.000,10.000,45.000
209.000,407.323,988.357,15.180,1.194,954.453,39.982,440036.654,0.000,0.000,0.000,0.000,0.005,0.000,66.894,0.000,0.006,-1.238,16.905,0.000,40.381,66.913,-66.813,0.029,-1.876,16.853,0.164,38.319,0.000,0.000,0.000,0.000,0.000,0.000,0.000,22.000,2.000,2024.000,10.000,10.000,45.000
209.000,407.323,988.357,15.180,1.194,954.453,39.982,440036.654,0.000,0.000,0.000,0.000,0.005,0.000,66.905,0.000,0.010,-1.314,16.914,0.000,40.395,66.918,-66.481,0.032,-1.500,16.854,0.146,38.256,0.000,0.000,0.000,0.000,0.000,0.000,0.000,22.000,2.000,2024.000,10.000,10.000,45.000
209.000,407.340,988.360,15.180,1.194,954.493,39.982,440046.574,0.000,0.000,0.000,0.000,0.005,0.000,66.905,0.000,0.013,-1.173,16.903,0.000,40.377,66.898,-66.151,0.026,-1.347,16.861,0.054,38.319,0.000,0.000,0.000,0.000,0.000,0.000,0.000,22.000,2.000,2024.000,10.000,10.000,45.000
209.000,407.340,988.360,15.180,1.194,954.493,39.982,440046.574,0.000,0.000,0.000,0.000,0.005,0.000,66.898,0.000,0.012,-1.036,16.896,0.000,40.384,66.913,-65.938,0.028,-1.314,16.865,0.194,38.270,0.000,0.000,0.000,0.000,0.000,0.000,0.000,22.000,2.000,2024.000,10.000,10.000,45.000
209.000,407.363,988.359,15.180,1.194,954.548,39.984,440058.868,0.000,0.000,0.000,0.000,0.005,0.000,66.917,0.000,0.012,-0.780,16.907,0.000,40.367,66.907,-66.136,0.030,-0.949,16.867,0.200,38.284,0.000,0.000,0.000,0.000,0.000,0.000,0.000,22.000,2.000,2024.000,10.000,10.000,45.000
209.000,407.363,988.359,15.180,1.194,954.548,39.984,440058.868,0.000,0.000,0.000,0.000,0.005,0.000,66.906,0.000,0.011,-0.796,16.919,0.000,40.388,66.910,-66.159,0.023,-0.780,16.869,0.113,38.305,0.000,0.000,0.000,0.000,0.000,0.000,0.000,22.000,2.000,2024.000,10.000,10.000,45.000
209.000,407.347,988.360,15.180,1.194,954.510,39.983,440050.383,0.000,0.000,0.000,0.000,0.005,0.000,66.906,0.000,0.009,-0.769,16.914,0.000,40.370,66.907,-66.013,0.029,-0.993,16.867,0.040,38.295,0.000,0.000,0.000,0.000,0.000,0.000,0.000,22.000,2.000,2024.000,10.000,10.000,45.000
209.000,407.347,988.360,15.180,1.194,954.510,39.983,440050.383,0.000,0.000,0.000,0.000,0.005,0.000,66.903,0.000,0.014,-0.633,16.905,0.000,40.388,66.911,-65.811,0.022,-0.862,16.865,0.098,38.305,0.000,0.000,0.000,0.000,0.000,0.000,0.000,22.000,2.000,2024.000,10.000,10.000,46.000
209.000,407.340,988.357,15.180,1.194,954.493,39.983,440045.906,0.000,0.000,0.000,0.000,0.005,0.000,66.906,0.000,0.012,-1.434,16.900,0.000,40.377,66.902,-65.703,0.024,-0.453,16.864,0.056,38.337,0.000,0.000,0.000,0.000,0.000,0.000,0.000,22.000,2.000,2024.000,10.000,10.000,46.000
209.000,407.340,988.357,15.180,1.194,954.493,39.983,440045.906,0.000,0.000,0.000,0.000,0.005,0.000,66.896,0.000,0.008,-0.638,16.886,0.000,40.398,66.900,-65.624,0.024,-1.718,16.863,0.061,38.295,0.000,0.000,0.000,0.000,0.000,0.000,0.000,22.000,2.000,2024.000,10.000,10.000,46.000
209.000,407.312,988.358,15.180,1.194,954.427,39.981,440030.891,0.000,0.000,0.000,0.000,0.005,0.000,66.892,0.000,0.011,-1.631,16.886,0.000,40.384,66.917,-65.140,0.024,-0.693,16.870,0.212,38.347,0.000,0.000,0.000,0.000,0.000,0.000,0.000,22.000,2.000,2024.000,10.000,10.000,46.000
209.000,407.312,988.358,15.180,1.194,954.427,39.981,440030.891,0.000,0.000,0.000,0.000,0.005,0.000,66.896,0.000,0.014,-1.516,16.886,0.000,40.384,66.910,-64.600,0.024,-1.827,16.896,0.179,38.291,0.000,0.000,0.000,0.000,0.000,0.000,0.000,22.000,2.000,2024.000,10.000,10.000,46.000
209.000,407.295,988.355,15.180,1.194,954.387,39.980,440020.971,0.000,0.000,0.000,0.000,0.005,0.000,66.893,0.000,0.003,-1.413,16.889,0.000,40.388,66.893,-64.143,0.026,-0.905,16.893,0.068,38.340,0.000,0.000,0.000,0.000,0.000,0.000,0.000,22.000,2.000,2024.000,10.000,10.000,46.000
209.000,407.295,988.355,15.180,1.194,954.387,39.980,440020.971,0.000,0.000,0.000,0.000,0.005,0.000,66.898,0.000,0.013,-1.380,16.919,0.000,40.384,66.906,-63.809,0.027,-1.560,16.867,0.096,38.316,0.000,0.000,0.000,0.000,0.000,0.000,0.000,22.000,2.000,2024.000,10.000,10.000,46.000
209.000,407.295,988.355,15.180,1.194,954.387,39.980,440020.971,0.000,0.000,0.000,0.000,0.005,0.000,66.900,0.000,0.010,-1.232,16.919,0.000,40.381,66.904,-63.470,0.032,-1.620,16.867,0.111,38.319,0.000,0.000,0.000,0.000,0.000,0.000,0.000,22.000,2.000,2024.000,10.000,10.000,46.000
209.000,407.293,988.355,15.180,1.194,954.382,39.980,440019.883,0.000,0.000,0.000,0.000,0.005,0.000,66.893,0.000,0.011,-1.325,16.905,0.000,40.370,66.893,-63.492,0.027,-1.467,16.875,0.080,38.319,0.000,0.000,0.000,0.000,0.000,0.000,0.000,22.000,2.000,2024.000,10.000,10.000,46.000
209.000,407.293,988.355,15.180,1.194,954.382,39.980,440019.883,0.000,0.000,0.000,0.000,0.005,0.000,66.888,0.000,0.010,-1.009,16.905,0.000,40.384,66.899,-63.345,0.027,-1.243,16.875,0.077,38.326,0.000,0.000,0.000,0.000,0.000,0.000,0.000,22.000,2.000,2024.000,10.000,10.000,46.000
209.000,407.296,988.350,15.180,1.194,954.389,39.981,440020.402,0.000,0.000,0.000,0.000,0.005,0.000,66.899,0.000,0.014,-0.954,16.904,0.000,40.395,66.894,-63.278,0.028,-1.222,16.831,0.115,38.270,0.000,0.000,0.000,0.000,0.000,0.000,0.000,22.000,2.000,2024.000,10.000,10.000,47.000
209.000,407.296,988.350,15.180,1.194,954.389,39.981,440020.402,0.000,0.000,0.000,0.000,0.005,0.000,66.884,0.000,0.016,-0.600,16.904,0.000,40.381,66.887,-63.424,0.025,-1.014,16.826,0.131,38.333,0.000,0.000,0.000,0.000,0.000,0.000,0.000,22.000,2.000,2024.000,10.000,10.000,47.000
209.000,407.285,988.352,15.180,1.194,954.363,39.980,440014.861,0.000,0.000,0.000,0.000,0.005,0.000,66.903,0.000,0.014,-0.622,16.910,0.000,40.384,66.899,-63.255,0.027,-0.780,16.857,0.102,38.274,0.000,0.000,0.000,0.000,0.000,0.000,0.000,22.000,2.000,2024.000,10.000,10.000,47.000
209.000,407.285,988.352,15.180,1.194,954.363,39.980,440014.861,0.000,0.000,0.000,0.000,0.005,0.000,66.914,0.000,0.014,-1.194,16.911,0.000,40.374,66.896,-63.849,0.026,-0.802,16.865,0.342,38.340,0.000,0.000,0.000,0.000,0.000,0.000,0.000,22.000,2.000,2024.000,10.000,10.000,47.000
209.000,407.284,988.352,15.180,1.194,954.361,39.980,440014.317,0.000,0.000,0.000,0.000,0.005,0.000,66.905,0.000,0.012,-0.305,16.906,0.000,40.384,66.880,-64.550,0.022,-1.173,16.871,0.172,38.284,0.000,0.000,0.000,0.000,0.000,0.000,0.000,22.000,2.000,2024.000,10.000,10.000,47.000
209.000,407.284,988.352,15.180,1.194,954.361,39.980,440014.317,0.000,0.000,0.000,0.000,0.005,0.000,66.898,0.000,0.012,-1.571,16.904,0.000,40.370,66.899,-64.791,0.026,-1.074,16.873,0.082,38.302,0.000,0.000,0.000,0.000,0.000,0.000,0.000,22.000,2.000,2024.000,10.000,10.000,47.000
209.000,407.284,988.352,15.180,1.194,954.361,39.980,440014.317,0.000,0.000,0.000,0.000,0.005,0.000,66.889,0.000,0.018,-1.380,16.904,0.000,40.370,66.912,-64.549,0.022,-1.816,16.874,0.239,38.288,0.000,0.000,0.000,0.000,0.000,0.000,0.000,22.000,2.000,2024.000,10.000,10.000,47.000
209.000,407.293,988.353,15.180,1.194,954.382,39.980,440019.437,0.000,0.000,0.000,0.000,0.005,0.000,66.899,0.000,0.008,-1.472,16.904,0.000,40.405,66.902,-64.028,0.023,-0.605,16.874,0.069,38.298,0.000,0.000,0.000,0.000,0.000,0.000,0.000,22.000,2.000,2024.000,10.000,10.000,47.000
209.000,407.293,988.353,15.180,1.194,954.382,39.980,440019.437,0.000,0.000,0.000,0.000,0.005,0.000,66.902,0.000,0.011,-1.385,16.895,0.000,40.381,66.897,-63.859,0.026,-1.653,16.867,0.038,38.302,0.000,0.000,0.000,0.000,0.000,0.000,0.000,22.000,2.000,2024.000,10.000,10.000,47.000
209.000,407.301,988.351,15.180,1.194,954.401,39.981,440023.346,0.000,0.000,0.000,0.000,0.005,0.000,66.907,0.000,0.008,-1.331,16.887,0.000,40.398,66.898,-64.017,0.025,-1.391,16.860,0.150,38.281,0.000,0.000,0.000,0.000,0.000,0.000,0.000,22.000,2.000,2024.000,10.000,10.000,47.000
209.000,407.301,988.351,15.180,1.194,954.401,39.981,440023.346,0.000,0.000,0.000,0.000,0.005,0.000,66.908,0.000,0.009,-1.025,16.894,0.000,40.384,66.894,-64.662,0.030,-1.309,16.866,0.175,38.291,0.000,0.000,0.000,0.000,0.000,0.000,0.000,22.000,2.000,2024.000,10.000,10.000,48.000
209.000,407.307,988.350,15.180,1.194,954.415,39.981,440026.389,0.000,0.000,0.000,0.000,0.005,0.000,66.903,0.000,0.011,-1.107,16.905,0.000,40.377,66.906,-64.519,0.020,-1.331,16.874,0.176,38.319,0.000,0.000,0.000,0.000,0.000,0.000,0.000,22.000,2.000,2024.000,10.000,10.000,48.000
209.000,407.307,988.350,15.180,1.194,954.415,39.981,440026.389,0.000,0.000,0.000,0.000,0.005,0.000,66.898,0.000,0.011,-1.025,16.903,0.000,40.395,66.916,-63.950,0.030,-1.271,16.872,0.191,38.284,0.000,0.000,0.000,0.000,0.000,0.000,0.000,22.000,2.000,2024.000,10.000,10.000,48.000
209.000,407.314,988.348,15.180,1.194,954.432,39.981,440029.753,0.000,0.000,0.000,0.000,0.005,0.000,66.909,0.000,0.014,-0.616,16.898,0.000,40.384,66.916,-63.564,0.032,-1.123,16.866,0.070,38.319,0.000,0.000,0.000,0.000,0.000,0.000,0.000,22.000,2.000,2024.000,10.000,10.000,48.000
209.000,407.314,988.348,15.180,1.194,954.432,39.981,440029.753,0.000,0.000,0.000,0.000,0.005,0.000,66.911,0.000,0.013,-0.758,16.897,0.000,40.388,66.892,-63.528,0.025,-0.524,16.868,0.104,38.326,0.000,0.000,0.000,0.000,0.000,0.000,0.000,22.000,2.000,2024.000,10.000,10.000,48.000
209.000,407.334,988.348,15.180,1.194,954.479,39.982,440040.637,0.000,0.000,0.000,0.000,0.005,0.000,66.905,0.000,0.007,-0.480,16.893,0.000,40.384,66.903,-63.765,0.030,-0.944,16.877,0.041,38.312,0.000,0.000,0.000,0.000,0.000,0.000,0.000,22.000,2.000,2024.000,10.000,10.000,48.000
209.000,407.334,988.348,15.180,1.194,954.479,39.982,440040.637,0.000,0.000,0.000,0.000,0.005,0.000,66.890,0.000,0.012,-0.365,16.894,0.000,40.374,66.901,-63.749,0.028,-0.949,16.876,0.057,38.333,0.000,0.000,0.000,0.000,0.000,0.000,0.000,22.000,2.000,2024.000,10.000,10.000,48.000
209.000,407.334,988.348,15.180,1.194,954.479,39.982,440040.637,0.000,0.000,0.000,0.000,0.005,0.000,66.885,0.000,0.012,-1.123,16.902,0.000,40.391,66.888,-63.493,0.023,-0.791,16.865,0.086,38.302,0.000,0.000,0.000,0.000,0.000,0.000,0.000,22.000,2.000,2024.000,10.000,10.000,48.000
209.000,407.336,988.346,15.180,1.194,954.484,39.983,440041.280,0.000,0.000,0.000,0.000,0.005,0.000,66.889,0.000,0.012,-0.742,16.902,0.000,40.381,66.892,-63.203,0.025,-1.429,16.865,0.062,38.337,0.000,0.000,0.000,0.000,0.000,0.000,0.000,22.000,2.000,2024.000,10.000,10.000,48.000
209.000,407.336,988.346,15.180,1.194,954.484,39.983,440041.280,0.000,0.000,0.000,0.000,0.005,0.000,66.906,0.000,0.012,-1.625,16.906,0.000,40.391,66.903,-63.309,0.021,-0.834,16.866,0.094,38.284,0.000,0.000,0.000,0.000,0.000,0.000,0.000,22.000,2.000,2024.000,10.000,10.000,48.000
209.000,407.324,988.348,15.180,1.194,954.456,39.982,440035.195,0.000,0.000,0.000,0.000,0.005,0.000,66.913,0.000,0.011,-1.440,16.906,0.000,40.370,66.885,-63.918,0.023,-1.653,16.866,0.300,38.340,0.000,0.000,0.000,0.000,0.000,0.000,0.000,22.000,2.000,2024.000,10.000,10.000,49.000
209.000,407.324,988.348,15.180,1.194,954.456,39.982,440035.195,0.000,0.000,0.000,0.000,0.005,0.000,66.895,0.000,0.012,-1.560,16.896,0.000,40.367,66.888,-64.468,0.022,-1.603,16.891,0.042,38.298,0.000,0.000,0.000,0.000,0.000,0.000,0.000,22.000,2.000,2024.000,10.000,10.000,49.000
209.000,407.304,988.349,15.180,1.194,954.408,39.981,440024.533,0.000,0.000,0.000,0.000,0.005,0.000,66.898,0.000,0.009,-1.189,16.895,0.000,40.377,66.900,-64.551,0.021,-1.396,16.894,0.049,38.319,0.000,0.000,0.000,0.000,0.000,0.000,0.000,22.000,2.000,2024.000,10.000,10.000,49.000
209.000,407.304,988.349,15.180,1.194,954.408,39.981,440024.533,0.000,0.000,0.000,0.000,0.005,0.000,66.913,0.000,0.011,-1.292,16.895,0.000,40.367,66.882,-65.269,0.025,-1.696,16.870,0.329,38.277,0.000,0.000,0.000,0.000,0.000,0.000,0.000,22.000,2.000,2024.000,10.000,10.000,49.000
209.000,407.312,988.346,15.180,1.194,954.427,39.981,440028.219,0.000,0.000,0.000,0.000,0.005,0.000,66.898,0.000,0.011,-1.156,16.895,0.000,40.374,66.881,-66.055,0.025,-1.396,16.863,0.158,38.319,0.000,0.000,0.000,0.000,0.000,0.000,0.000,22.000,2.000,2024.000,10.000,10.000,49.000
209.000,407.312,988.346,15.180,1.194,954.427,39.981,440028.219,0.000,0.000,0.000,0.000,0.005,0.000,66.904,0.000,0.013,-0.813,16.904,0.000,40.381,66.892,-66.619,0.024,-1.211,16.874,0.188,38.263,0.000,0.000,0.000,0.000,0.000,0.000,0.000,22.000,2.000,2024.000,10.000,10.000,49.000
