167.000,408.901,990.177,14.820,1.198,958.179,39.998,442004.985,0.000,0.000,0.000,0.000,-5.000,0.000,66.899,0.000,0.010,-1.723,16.200,0.000,32.858,66.904,34.426,0.033,-1.931,16.245,0.075,30.618,0.000,0.000,0.000,0.000,0.000,0.000,0.000,22.000,2.000,2024.000,9.000,1.000,36.000
167.000,408.901,990.177,14.820,1.198,958.179,39.998,442004.985,0.000,0.000,0.000,0.000,-5.000,0.000,66.908,0.000,0.008,-1.658,16.195,0.000,32.858,66.899,34.108,0.031,-1.483,16.243,0.052,30.601,0.000,0.000,0.000,0.000,0.000,0.000,0.000,22.000,2.000,2024.000,9.000,1.000,36.000
167.000,408.893,990.178,14.820,1.198,958.160,39.997,442000.852,0.000,0.000,0.000,0.000,-5.000,0.000,66.898,0.000,0.006,-1.500,16.175,0.000,32.844,66.890,33.986,0.025,-1.674,16.236,0.067,30.566,0.000,0.000,0.000,0.000,0.000,0.000,0.000,22.000,2.000,2024.000,9.000,1.000,36.000
167.000,408.893,990.178,14.820,1.198,958.160,39.997,442000.852,0.000,0.000,0.000,0.000,-5.000,0.000,66.891,0.000,0.007,-1.063,16.173,0.000,32.869,66.910,34.229,0.027,-1.494,16.238,0.179,30.618,0.000,0.000,0.000,0.000,0.000,0.000,0.000,22.000,2.000,2024.000,9.000,1.000,36.000
167.000,408.879,990.178,14.820,1.198,958.127,39.997,441993.228,0.000,0.000,0.000,0.000,-5.000,0.000,66.895,0.000,0.010,-1.243,16.152,0.000,32.862,66.898,34.579,0.028,-0.862,16.249,0.050,30.583,0.000,0.000,0.000,0.000,0.000,0.000,0.000,22.000,2.000,2024.000,9.000,1.000,37.000
167.000,408.879,990.178,14.820,1.198,958.127,39.997,441993.228,0.000,0.000,0.000,0.000,-5.000,0.000,66.897,0.000,0.004,-0.824,16.152,0.000,32.858,66.878,34.150,0.022,-0.856,16.249,0.139,30.636,0.000,0.000,0.000,0.000,0.000,0.000,0.000,22.000,2.000,2024.000,9.000,1.000,37.000
167.000,408.874,990.176,14.820,1.198,958.115,39.997,441990.059,0.000,0.000,0.000,0.000,-5.000,0.000,66.889,0.000,0.009,-0.769,16.159,0.000,32.862,66.919,34.680,0.029,-0.693,16.245,0.330,30.569,0.000,0.000,0.000,0.000,0.000,0.000,0.000,22.000,2.000,2024.000,9.000,1.000,37.000
167.000,408.874,990.176,14.820,1.198,958.115,39.997,441990.059,0.000,0.000,0.000,0.000,-5.000,0.000,66.905,0.000,0.005,-0.469,16.159,0.000,32.862,66.909,35.173,0.028,0.322,16.245,0.043,30.566,0.000,0.000,0.000,0.000,0.000,0.000,0.000,22.000,2.000,2024.000,9.000,1.000,37.000
167.000,408.874,990.176,14.820,1.198,958.115,39.997,441990.059,0.000,0.000,0.000,0.000,-5.000,0.000,66.903,0.000,0.010,0.033,16.156,0.000,32.851,66.927,35.684,0.031,-0.987,16.252,0.230,30.583,0.000,0.000,0.000,0.000,0.000,0.000,0.000,22.000,2.000,2024.000,9.000,1.000,37.000
167.000,408.867,990.174,14.820,1.198,958.098,39.996,441985.800,0.000,0.000,0.000,0.000,-5.000,0.000,66.908,0.000,0.009,-1.489,16.156,0.000,32.858,66.895,36.139,0.035,-0.098,16.253,0.155,30.587,0.000,0.000,0.000,0.000,0.000,0.000,0.000,22.000,2.000,2024.000,9.000,1.000,37.000
167.000,408.867,990.174,14.820,1.198,958.098,39.996,441985.800,0.000,0.000,0.000,0.000,-5.000,0.000,66.911,0.000,0.010,-0.649,16.147,0.000,32.851,66.901,35.510,0.022,-1.598,16.249,0.121,30.548,0.000,0.000,0.000,0.000,0.000,0.000,0.000,22.000,2.000,2024.000,9.000,1.000,37.000
167.000,408.865,990.171,14.820,1.198,958.094,39.996,441984.042,0.000,0.000,0.000,0.000,-5.000,0.000,66.899,0.000,0.005,-1.751,16.144,0.000,32.865,66.888,35.200,0.032,-0.894,16.248,0.082,30.632,0.000,0.000,0.000,0.000,0.000,0.000,0.000,22.000,2.000,2024.000,9.000,1.000,37.000
167.000,408.865,990.171,14.820,1.198,958.094,39.996,441984.042,0.000,0.000,0.000,0.000,-5.000,0.000,66.896,0.000,0.010,-1.582,16.166,0.000,32.869,66.899,35.141,0.027,-2.045,16.238,0.114,30.580,0.000,0.000,0.000,0.000,0.000,0.000,0.000,22.000,2.000,2024.000,9.000,1.000,37.000
167.000,408.865,990.173,14.820,1.198,958.094,39.996,441984.488,0.000,0.000,0.000,0.000,-5.000,0.000,66.899,0.000,0.011,-1.800,16.176,0.000,32.865,66.900,35.313,0.028,-1.478,16.234,0.069,30.632,0.000,0.000,0.000,0.000,0.000,0.000,0.000,22.000,2.000,2024.000,9.000,1.000,37.000
167.000,408.865,990.173,14.820,1.198,958.094,39.996,441984.488,0.000,0.000,0.000,0.000,-5.000,0.000,66.891,0.000,0.010,-1.467,16.171,0.000,32.869,66.891,35.344,0.031,-1.783,16.239,0.039,30.566,0.000,0.000,0.000,0.000,0.000,0.000,0.000,22.000,2.000,2024.000,9.000,1.000,38.000
167.000,408.847,990.174,14.820,1.198,958.051,39.995,441974.909,0.000,0.000,0.000,0.000,-5.000,0.000,66.901,0.000,0.005,-1.380,16.168,0.000,32.862,66.877,35.002,0.028,-1.527,16.243,0.154,30.629,0.000,0.000,0.000,0.000,0.000,0.000,0.000,22.000,2.000,2024.000,9.000,1.000,38.000
167.000,408.847,990.174,14.820,1.198,958.051,39.995,441974.909,0.000,0.000,0.000,0.000,-5.000,0.000,66.904,0.000,0.011,-1.494,16.163,0.000,32.858,66.904,34.477,0.028,-1.063,16.247,0.093,30.569,0.000,0.000,0.000,0.000,0.000,0.000,0.000,22.000,2.000,2024.000,9.000,1.000,38.000
167.000,408.857,990.176,14.820,1.198,958.075,39.996,441980.801,0.000,0.000,0.000,0.000,-5.000,0.000,66.894,0.000,0.004,-1.009,16.159,0.000,32.862,66.908,34.772,0.029,-1.222,16.251,0.152,30.604,0.000,0.000,0.000,0.000,0.000,0.000,0.000,22.000,2.000,2024.000,9.000,1.000,38.000
167.000,408.857,990.176,14.820,1.198,958.075,39.996,441980.801,0.000,0.000,0.000,0.000,-5.000,0.000,66.902,0.000,0.007,-0.889,16.167,0.000,32.865,66.890,34.977,0.024,-0.780,16.255,0.101,30.601,0.000,0.000,0.000,0.000,0.000,0.000,0.000,22.000,2.000,2024.000,9.000,1.000,38.000
167.000,408.872,990.173,14.820,1.198,958.110,39.996,441988.300,0.000,0.000,0.000,0.000,-5.000,0.000,66.900,0.000,0.008,-0.322,16.178,0.000,32.855,66.909,34.936,0.030,-0.044,16.261,0.070,30.625,0.000,0.000,0.000,0.000,0.000,0.000,0.000,22.000,2.000,2024.000,9.000,1.000,38.000
167.000,408.872,990.173,14.820,1.198,958.110,39.996,441988.300,0.000,0.000,0.000,0.000,-5.000,0.000,66.912,0.000,0.010,-0.093,16.173,0.000,32.848,66.904,34.935,0.021,-0.922,16.256,0.133,30.594,0.000,0.000,0.000,0.000,0.000,0.000,0.000,22.000,2.000,2024.000,9.000,1.000,38.000
167.000,408.890,990.178,14.820,1.198,958.153,39.997,441999.218,0.000,0.000,0.000,0.000,-5.000,0.000,66.910,0.000,0.010,-0.944,16.159,0.000,32.841,66.897,34.465,0.024,-0.153,16.244,0.084,30.608,0.000,0.000,0.000,0.000,0.000,0.000,0.000,22.000,2.000,2024.000,9.000,1.000,38.000
167.000,408.890,990.178,14.820,1.198,958.153,39.997,441999.218,0.000,0.000,0.000,0.000,-5.000,0.000,66.898,0.000,0.008,-0.294,16.156,0.000,32.858,66.906,34.513,0.025,-1.538,16.245,0.122,30.569,0.000,0.000,0.000,0.000,0.000,0.000,0.000,22.000,2.000,2024.000,9.000,1.000,38.000
167.000,408.890,990.178,14.820,1.198,958.153,39.997,441999.218,0.000,0.000,0.000,0.000,-5.000,0.000,66.899,0.000,0.014,-1.674,16.141,0.000,32.844,66.902,34.641,0.023,-0.594,16.252,0.057,30.615,0.000,0.000,0.000,0.000,0.000,0.000,0.000,22.000,2.000,2024.000,9.000,1.000,38.000
167.000,408.897,990.177,14.820,1.198,958.169,39.998,442002.807,0.000,0.000,0.000,0.000,-5.000,0.000,66.897,0.000,0.006,-1.527,16.144,0.000,32.862,66.893,34.653,0.027,-2.056,16.252,0.049,30.587,0.000,0.000,0.000,0.000,0.000,0.000,0.000,22.000,2.000,2024.000,9.000,1.000,39.000
167.000,408.897,990.177,14.820,1.198,958.169,39.998,442002.807,0.000,0.000,0.000,0.000,-5.000,0.000,66.903,0.000,0.007,-1.974,16.164,0.000,32.855,66.893,34.548,0.026,-1.543,16.246,0.077,30.608,0.000,0.000,0.000,0.000,0.000,0.000,0.000,22.000,2.000,2024.000,9.000,1.000,39.000
167.000,408.887,990.177,14.820,1.198,958.146,39.997,441997.361,0.000,0.000,0.000,0.000,-5.000,0.000,66.901,0.000,0.006,-1.205,16.164,0.000,32.869,66.918,34.796,0.024,-1.865,16.246,0.178,30.580,0.000,0.000,0.000,0.000,0.000,0.000,0.000,22.000,2.000,2024.000,9.000,1.000,39.000
167.000,408.887,990.177,14.820,1.198,958.146,39.997,441997.361,0.000,0.000,0.000,0.000,-5.000,0.000,66.896,0.000,0.009,-1.658,16.179,0.000,32.851,66.893,34.974,0.033,-2.111,16.250,0.085,30.569,0.000,0.000,0.000,0.000,0.000,0.000,0.000,22.000,2.000,2024.000,9.000,1.000,39.000
167.000,408.895,990.174,14.820,1.198,958.164,39.998,442001.048,0.000,0.000,0.000,0.000,-5.000,0.000,66.889,0.000,0.008,-1.860,16.179,0.000,32.862,66.901,35.159,0.023,-1.347,16.250,0.166,30.597,0.000,0.000,0.000,0.000,0.000,0.000,0.000,22.000,2.000,2024.000,9.000,1.000,39.000
167.000,408.895,990.174,14.820,1.198,958.164,39.998,442001.048,0.000,0.000,0.000,0.000,-5.000,0.000,66.902,0.000,0.010,-1.238,16.179,0.000,32.858,66.932,36.101,0.038,-1.483,16.240,0.313,30.534,0.000,0.000,0.000,0.000,0.000,0.000,0.000,22.000,2.000,2024.000,9.000,1.000,39.000
167.000,408.914,990.174,14.820,1.198,958.209,39.999,442011.395,0.000,0.000,0.000,0.000,-5.000,0.000,66.897,0.000,0.008,-0.867,16.178,0.000,32.858,66.894,36.415,0.031,-0.856,16.239,0.081,30.562,0.000,0.000,0.000,0.000,0.000,0.000,0.000,22.000,2.000,2024.000,9.000,1.000,39.000
167.000,408.914,990.174,14.820,1.198,958.209,39.999,442011.395,0.000,0.000,0.000,0.000,-5.000,0.000,66.893,0.000,0.011,-0.464,16.154,0.000,32.858,66.924,36.818,0.034,-0.627,16.248,0.424,30.590,0.000,0.000,0.000,0.000,0.000,0.000,0.000,22.000,2.000,2024.000,9.000,1.000,39.000
167.000,408.930,990.171,14.820,1.198,958.247,39.999,442019.438,0.000,0.000,0.000,0.000,-5.000,0.000,66.903,0.000,0.003,-0.185,16.148,0.000,32.858,66.910,37.859,0.031,-0.676,16.250,0.061,30.559,0.000,0.000,0.000,0.000,0.000,0.000,0.000,22.000,2.000,2024.000,9.000,1.000,39.000
167.000,408.930,990.171,14.820,1.198,958.247,39.999,442019.438,0.000,0.000,0.000,0.000,-5.000,0.000,66.903,0.000,0.006,-0.802,16.170,0.000,32.858,66.899,37.760,0.026,-0.196,16.246,0.080,30.597,0.000,0.000,0.000,0.000,0.000,0.000,0.000,22.000,2.000,2024.000,9.000,1.000,39.000
167.000,408.937,990.171,14.820,1.198,958.264,40.000,442023.249,0.000,0.000,0.000,0.000,-5.000,0.000,66.895,0.000,0.007,-0.349,16.180,0.000,32.865,66.889,37.484,0.023,-0.834,16.244,0.032,30.580,0.000,0.000,0.000,0.000,0.000,0.000,0.000,22.000,2.000,2024.000,9.000,1.000,40.000
167.000,408.937,990.171,14.820,1.198,958.264,40.000,442023.249,0.000,0.000,0.000,0.000,-5.000,0.000,66.905,0.000,0.007,-1.522,16.180,0.000,32.848,66.891,37.365,0.029,-0.425,16.233,0.176,30.590,0.000,0.000,0.000,0.000,0.000,0.000,0.000,22.000,2.000,2024.000,9.000,1.000,40.000
167.000,408.937,990.171,14.820,1.198,958.264,40.000,442023.249,0.000,0.000,0.000,0.000,-5.000,0.000,66.910,0.000,0.006,-1.014,16.181,0.000,32.865,66.915,37.031,0.022,-1.494,16.226,0.026,30.625,0.000,0.000,0.000,0.000,0.000,0.000,0.000,22.000,2.000,2024.000,9.000,1.000,40.000
167.000,408.932,990.172,14.820,1.198,958.252,39.999,442020.750,0.000,0.000,0.000,0.000,-5.000,0.000,66.905,0.000,0.007,-1.942,16.170,0.000,32.855,66.887,36.780,0.025,-1.047,16.237,0.169,30.580,0.000,0.000,0.000,0.000,0.000,0.000,0.000,22.000,2.000,2024.000,9.000,1.000,40.000
167.000,408.932,990.172,14.820,1.198,958.252,39.999,442020.750,0.000,0.000,0.000,0.000,-5.000,0.000,66.903,0.000,0.008,-0.818,16.159,0.000,32.851,66.893,36.475,0.026,-1.794,16.248,0.083,30.622,0.000,0.000,0.000,0.000,0.000,0.000,0.000,22.000,2.000,2024.000,9.000,1.000,40.000
167.000,408.922,990.174,14.820,1.198,958.228,39.999,442015.751,0.000,0.000,0.000,0.000,-5.000,0.000,66.902,0.000,0.011,-0.747,16.168,0.000,32.851,66.902,36.144,0.024,-1.767,16.251,0.041,30.573,0.000,0.000,0.000,0.000,0.000,0.000,0.000,22.000,2.000,2024.000,9.000,1.000,40.000
167.000,408.922,990.174,14.820,1.198,958.228,39.999,442015.751,0.000,0.000,0.000,0.000,-5.000,0.000,66.909,0.000,0.008,-1.876,16.182,0.000,32.855,66.891,35.709,0.028,-1.609,16.255,0.184,30.639,0.000,0.000,0.000,0.000,0.000,0.000,0.000,22.000,2.000,2024.000,9.000,1.000,40.000
167.000,408.909,990.172,14.820,1.198,958.198,39.998,442008.226,0.000,0.000,0.000,0.000,-5.000,0.000,66.893,0.000,0.010,-1.456,16.180,0.000,32.848,66.900,35.790,0.031,-1.543,16.250,0.129,30.587,0.000,0.000,0.000,0.000,0.000,0.000,0.000,22.000,2.000,2024.000,9.000,1.000,40.000
167.000,408.909,990.172,14.820,1.198,958.198,39.998,442008.226,0.000,0.000,0.000,0.000,-5.000,0.000,66.905,0.000,0.010,-1.243,16.176,0.000,32.855,66.902,35.893,0.028,-0.954,16.240,0.112,30.597,0.000,0.000,0.000,0.000,0.000,0.000,0.000,22.000,2.000,2024.000,9.000,1.000,40.000
167.000,408.914,990.175,14.820,1.198,958.209,39.999,442011.618,0.000,0.000,0.000,0.000,-5.000,0.000,66.895,0.000,0.010,-0.922,16.174,0.000,32.844,66.889,35.692,0.033,-1.020,16.240,0.053,30.618,0.000,0.000,0.000,0.000,0.000,0.000,0.000,22.000,2.000,2024.000,9.000,1.000,40.000
167.000,408.914,990.175,14.820,1.198,958.209,39.999,442011.618,0.000,0.000,0.000,0.000,-5.000,0.000,66.900,0.000,0.008,-0.164,16.168,0.000,32.865,66.903,35.735,0.023,-0.742,16.239,0.120,30.580,0.000,0.000,0.000,0.000,0.000,0.000,0.000,22.000,2.000,2024.000,9.000,1.000,41.000
167.000,408.906,990.173,14.820,1.198,958.190,39.998,442006.815,0.000,0.000,0.000,0.000,-5.000,0.000,66.901,0.000,0.010,-0.742,16.170,0.000,32.844,66.911,36.067,0.030,-0.382,16.242,0.144,30.566,0.000,0.000,0.000,0.000,0.000,0.000,0.000,22.000,2.000,2024.000,9.000,1.000,41.000
167.000,408.906,990.173,14.820,1.198,958.190,39.998,442006.815,0.000,0.000,0.000,0.000,-5.000,0.000,66.897,0.000,0.005,-0.365,16.189,0.000,32.862,66.905,36.583,0.030,-0.747,16.264,0.104,30.604,0.000,0.000,0.000,0.000,0.000,0.000,0.000,22.000,2.000,2024.000,9.000,1.000,41.000
167.000,408.906,990.173,14.820,1.198,958.190,39.998,442006.815,0.000,0.000,0.000,0.000,-5.000,0.000,66.899,0.000,0.008,-0.976,16.189,0.000,32.862,66.908,36.696,0.027,-0.534,16.264,0.180,30.534,0.000,0.000,0.000,0.000,0.000,0.000,0.000,22.000,2.000,2024.000,9.000,1.000,41.000
167.000,408.919,990.174,14.820,1.198,958.221,39.999,442014.117,0.000,0.000,0.000,0.000,-5.000,0.000,66.903,0.000,0.008,-0.589,16.176,0.000,32.862,66.907,37.204,0.029,-1.718,16.247,0.045,30.590,0.000,0.000,0.000,0.000,0.000,0.000,0.000,22.000,2.000,2024.000,9.000,1.000,41.000
167.000,408.919,990.174,14.820,1.198,958.221,39.999,442014.117,0.000,0.000,0.000,0.000,-5.000,0.000,66.902,0.000,0.008,-1.751,16.176,0.000,32.862,66.916,37.392,0.019,-0.333,16.247,0.110,30.562,0.000,0.000,0.000,0.000,0.000,0.000,0.000,22.000,2.000,2024.000,9.000,1.000,41.000
