204.000,407.683,988.786,15.380,1.194,955.303,40.005,439938.387,0.000,0.000,0.000,0.000,-5.000,0.000,66.900,0.000,0.012,-0.496,17.160,0.000,45.001,66.883,114.814,0.024,-1.134,17.243,0.169,41.547,0.000,0.000,0.000,0.000,0.000,0.000,0.000,22.000,2.000,2024.000,9.000,56.000,17.000
204.000,407.689,988.788,15.380,1.194,955.317,40.005,439942.094,0.000,0.000,0.000,0.000,-5.000,0.000,66.901,0.000,0.010,-0.927,17.143,0.000,44.994,66.912,114.836,0.027,-0.234,17.240,0.133,41.498,0.000,0.000,0.000,0.000,0.000,0.000,0.000,22.000,2.000,2024.000,9.000,56.000,17.000
204.000,407.689,988.788,15.380,1.194,955.317,40.005,439942.094,0.000,0.000,0.000,0.000,-5.000,0.000,66.905,0.000,0.010,-0.742,17.141,0.000,44.980,66.894,114.694,0.028,-0.578,17.239,0.139,41.547,0.000,0.000,0.000,0.000,0.000,0.000,0.000,22.000,2.000,2024.000,9.000,56.000,17.000
204.000,407.679,988.790,15.380,1.194,955.294,40.004,439937.103,0.000,0.000,0.000,0.000,-5.000,0.000,66.905,0.000,0.014,-1.063,17.183,0.000,44.987,66.896,114.485,0.030,-0.398,17.221,0.064,41.532,0.000,0.000,0.000,0.000,0.000,0.000,0.000,22.000,2.000,2024.000,9.000,56.000,17.000
204.000,407.679,988.790,15.380,1.194,955.294,40.004,439937.103,0.000,0.000,0.000,0.000,-5.000,0.000,66.896,0.000,0.008,-0.447,17.194,0.000,44.984,66.900,114.538,0.029,-0.676,17.217,0.046,41.498,0.000,0.000,0.000,0.000,0.000,0.000,0.000,22.000,2.000,2024.000,9.000,56.000,17.000
204.000,407.679,988.790,15.380,1.194,955.294,40.004,439937.103,0.000,0.000,0.000,0.000,-5.000,0.000,66.896,0.000,0.010,-0.365,17.162,0.000,44.977,66.905,114.727,0.037,-1.036,17.221,0.082,41.536,0.000,0.000,0.000,0.000,0.000,0.000,0.000,22.000,2.000,2024.000,9.000,56.000,18.000
204.000,407.673,988.791,15.380,1.194,955.279,40.004,439934.063,0.000,0.000,0.000,0.000,-5.000,0.000,66.890,0.000,0.011,-0.993,17.148,0.000,44.980,66.887,114.867,0.028,-0.633,17.223,0.035,41.490,0.000,0.000,0.000,0.000,0.000,0.000,0.000,22.000,2.000,2024.000,9.000,56.000,18.000
204.000,407.673,988.791,15.380,1.194,955.279,40.004,439934.063,0.000,0.000,0.000,0.000,-5.000,0.000,66.898,0.000,0.007,-0.834,17.155,0.000,45.001,66.901,114.818,0.022,-0.513,17.235,0.037,41.522,0.000,0.000,0.000,0.000,0.000,0.000,0.000,22.000,2.000,2024.000,9.000,56.000,18.000
204.000,407.678,988.786,15.380,1.194,955.291,40.004,439935.669,0.000,0.000,0.000,0.000,-5.000,0.000,66.895,0.000,0.010,-0.649,17.160,0.000,44.991,66.910,115.124,0.031,-0.976,17.244,0.117,41.473,0.000,0.000,0.000,0.000,0.000,0.000,0.000,22.000,2.000,2024.000,9.000,56.000,18.000
204.000,407.678,988.786,15.380,1.194,955.291,40.004,439935.669,0.000,0.000,0.000,0.000,-5.000,0.000,66.893,0.000,0.009,-0.818,17.157,0.000,45.001,66.893,115.445,0.027,-0.802,17.237,0.092,41.532,0.000,0.000,0.000,0.000,0.000,0.000,0.000,22.000,2.000,2024.000,9.000,56.000,18.000
204.000,407.667,988.788,15.400,1.194,955.265,40.005,439891.204,0.000,0.000,0.000,0.000,-5.000,0.000,66.899,0.000,0.009,-0.567,17.154,0.000,45.001,66.897,115.548,0.028,-0.856,17.230,0.035,41.536,0.000,0.000,0.000,0.000,0.000,0.000,0.000,22.000,2.000,2024.000,9.000,56.000,18.000
204.000,407.667,988.788,15.400,1.194,955.265,40.005,439891.204,0.000,0.000,0.000,0.000,-5.000,0.000,66.897,0.000,0.011,-0.643,17.161,0.000,44.984,66.898,115.419,0.026,-0.720,17.233,0.050,41.487,0.000,0.000,0.000,0.000,0.000,0.000,0.000,22.000,2.000,2024.000,9.000,56.000,18.000
204.000,407.637,988.785,15.380,1.194,955.194,40.002,439913.158,0.000,0.000,0.000,0.000,-5.000,0.000,66.892,0.000,0.009,-0.376,17.173,0.000,45.001,66.905,115.685,0.026,-0.480,17.237,0.148,41.547,0.000,0.000,0.000,0.000,0.000,0.000,0.000,22.000,2.000,2024.000,9.000,56.000,18.000
204.000,407.637,988.785,15.380,1.194,955.194,40.002,439913.158,0.000,0.000,0.000,0.000,-5.000,0.000,66.901,0.000,0.011,-1.047,17.168,0.000,44.994,66.895,116.021,0.028,-0.360,17.240,0.063,41.498,0.000,0.000,0.000,0.000,0.000,0.000,0.000,22.000,2.000,2024.000,9.000,56.000,18.000
204.000,407.651,988.786,15.380,1.194,955.228,40.003,439920.991,0.000,0.000,0.000,0.000,-5.000,0.000,66.917,0.000,0.013,-0.180,17.155,0.000,44.987,66.900,115.538,0.021,-0.796,17.247,0.201,41.532,0.000,0.000,0.000,0.000,0.000,0.000,0.000,22.000,2.000,2024.000,9.000,56.000,18.000
204.000,407.651,988.786,15.380,1.194,955.228,40.003,439920.991,0.000,0.000,0.000,0.000,-5.000,0.000,66.901,0.000,0.008,-0.933,17.158,0.000,44.966,66.895,114.990,0.021,-0.502,17.246,0.063,41.505,0.000,0.000,0.000,0.000,0.000,0.000,0.000,22.000,2.000,2024.000,9.000,56.000,19.000
204.000,407.651,988.786,15.380,1.194,955.228,40.003,439920.991,0.000,0.000,0.000,0.000,-5.000,0.000,66.901,0.000,0.011,-0.862,17.169,0.000,44.991,66.894,114.933,0.026,-0.584,17.241,0.063,41.539,0.000,0.000,0.000,0.000,0.000,0.000,0.000,22.000,2.000,2024.000,9.000,56.000,19.000
204.000,407.680,988.786,15.380,1.194,955.296,40.005,439936.756,0.000,0.000,0.000,0.000,-5.000,0.000,66.905,0.000,0.011,-0.911,17.167,0.000,45.005,66.898,114.709,0.027,-0.409,17.241,0.106,41.505,0.000,0.000,0.000,0.000,0.000,0.000,0.000,22.000,2.000,2024.000,9.000,56.000,19.000
204.000,407.680,988.786,15.380,1.194,955.296,40.005,439936.756,0.000,0.000,0.000,0.000,-5.000,0.000,66.905,0.000,0.013,-0.420,17.154,0.000,44.980,66.907,114.632,0.030,-0.993,17.238,0.080,41.539,0.000,0.000,0.000,0.000,0.000,0.000,0.000,22.000,2.000,2024.000,9.000,56.000,19.000
204.000,407.692,988.787,15.400,1.194,955.324,40.006,439904.571,0.000,0.000,0.000,0.000,-5.000,0.000,66.902,0.000,0.014,-1.080,17.154,0.000,44.970,66.897,114.518,0.031,-0.256,17.238,0.042,41.536,0.000,0.000,0.000,0.000,0.000,0.000,0.000,22.000,2.000,2024.000,9.000,56.000,19.000
204.000,407.692,988.787,15.400,1.194,955.324,40.006,439904.571,0.000,0.000,0.000,0.000,-5.000,0.000,66.896,0.000,0.012,-0.087,17.185,0.000,44.984,66.906,114.847,0.034,-0.905,17.245,0.135,41.473,0.000,0.000,0.000,0.000,0.000,0.000,0.000,22.000,2.000,2024.000,9.000,56.000,19.000
204.000,407.695,988.786,15.380,1.194,955.331,40.005,439944.910,0.000,0.000,0.000,0.000,-5.000,0.000,66.897,0.000,0.013,-0.862,17.185,0.000,44.977,66.895,115.026,0.029,-0.693,17.245,0.069,41.532,0.000,0.000,0.000,0.000,0.000,0.000,0.000,22.000,2.000,2024.000,9.000,56.000,19.000
204.000,407.695,988.786,15.380,1.194,955.331,40.005,439944.910,0.000,0.000,0.000,0.000,-5.000,0.000,66.914,0.000,0.015,-0.524,17.154,0.000,44.980,66.897,114.449,0.031,-0.567,17.242,0.141,41.539,0.000,0.000,0.000,0.000,0.000,0.000,0.000,22.000,2.000,2024.000,9.000,56.000,19.000
204.000,407.675,988.785,15.380,1.194,955.284,40.004,439933.816,0.000,0.000,0.000,0.000,-5.000,0.000,66.901,0.000,0.008,-0.911,17.151,0.000,44.977,66.890,114.133,0.033,-0.534,17.241,0.142,41.532,0.000,0.000,0.000,0.000,0.000,0.000,0.000,22.000,2.000,2024.000,9.000,56.000,19.000
204.000,407.675,988.785,15.380,1.194,955.284,40.004,439933.816,0.000,0.000,0.000,0.000,-5.000,0.000,66.893,0.000,0.013,-0.485,17.158,0.000,44.991,66.908,114.168,0.030,-0.834,17.233,0.129,41.543,0.000,0.000,0.000,0.000,0.000,0.000,0.000,22.000,2.000,2024.000,9.000,56.000,19.000
204.000,407.647,988.782,15.380,1.194,955.218,40.003,439917.927,0.000,0.000,0.000,0.000,-5.000,0.000,66.894,0.000,0.013,-0.643,17.159,0.000,44.980,66.900,114.692,0.031,-1.020,17.231,0.119,41.515,0.000,0.000,0.000,0.000,0.000,0.000,0.000,22.000,2.000,2024.000,9.000,56.000,20.000
204.000,407.647,988.782,15.380,1.194,955.218,40.003,439917.927,0.000,0.000,0.000,0.000,-5.000,0.000,66.912,0.000,0.009,-0.883,17.168,0.000,44.987,66.896,114.481,0.027,-0.643,17.233,0.199,41.553,0.000,0.000,0.000,0.000,0.000,0.000,0.000,22.000,2.000,2024.000,9.000,56.000,20.000
204.000,407.647,988.782,15.380,1.194,955.218,40.003,439917.927,0.000,0.000,0.000,0.000,-5.000,0.000,66.910,0.000,0.010,-0.796,17.172,0.000,44.970,66.925,114.459,0.023,-1.183,17.233,0.187,41.505,0.000,0.000,0.000,0.000,0.000,0.000,0.000,22.000,2.000,2024.000,9.000,56.000,20.000
204.000,407.642,988.783,15.400,1.194,955.206,40.004,439876.502,0.000,0.000,0.000,0.000,-5.000,0.000,66.902,0.000,0.012,-0.404,17.176,0.000,44.973,66.896,114.548,0.023,-0.780,17.238,0.064,41.505,0.000,0.000,0.000,0.000,0.000,0.000,0.000,22.000,2.000,2024.000,9.000,56.000,20.000
204.000,407.642,988.783,15.400,1.194,955.206,40.004,439876.502,0.000,0.000,0.000,0.000,-5.000,0.000,66.893,0.000,0.013,-0.763,17.179,0.000,45.012,66.890,114.580,0.029,-1.042,17.241,0.037,41.508,0.000,0.000,0.000,0.000,0.000,0.000,0.000,22.000,2.000,2024.000,9.000,56.000,20.000
204.000,407.643,988.782,15.400,1.194,955.209,40.004,439876.823,0.000,0.000,0.000,0.000,-5.000,0.000,66.911,0.000,0.011,-1.118,17.174,0.000,44.977,66.911,114.683,0.024,-0.022,17.241,0.077,41.487,0.000,0.000,0.000,0.000,0.000,0.000,0.000,22.000,2.000,2024.000,9.000,56.000,20.000
204.000,407.643,988.782,15.400,1.194,955.209,40.004,439876.823,0.000,0.000,0.000,0.000,-5.000,0.000,66.899,0.000,0.005,-0.125,17.169,0.000,44.998,66.900,114.535,0.030,-0.883,17.241,0.057,41.508,0.000,0.000,0.000,0.000,0.000,0.000,0.000,22.000,2.000,2024.000,9.000,56.000,20.000
204.000,407.627,988.784,15.380,1.194,955.171,40.002,439907.499,0.000,0.000,0.000,0.000,-5.000,0.000,66.894,0.000,0.010,-0.714,17.165,0.000,44.991,66.885,114.422,0.027,-1.396,17.245,0.036,41.477,0.000,0.000,0.000,0.000,0.000,0.000,0.000,22.000,2.000,2024.000,9.000,56.000,20.000
204.000,407.627,988.784,15.380,1.194,955.171,40.002,439907.499,0.000,0.000,0.000,0.000,-5.000,0.000,66.902,0.000,0.009,-1.069,17.160,0.000,44.998,66.896,114.149,0.028,-0.240,17.252,0.073,41.515,0.000,0.000,0.000,0.000,0.000,0.000,0.000,22.000,2.000,2024.000,9.000,56.000,20.000
204.000,407.601,988.785,15.400,1.194,955.109,40.002,439854.659,0.000,0.000,0.000,0.000,-5.000,0.000,66.903,0.000,0.013,-0.627,17.167,0.000,44.984,66.900,114.055,0.030,-0.720,17.252,0.055,41.526,0.000,0.000,0.000,0.000,0.000,0.000,0.000,22.000,2.000,2024.000,9.000,56.000,20.000
204.000,407.601,988.785,15.400,1.194,955.109,40.002,439854.659,0.000,0.000,0.000,0.000,-5.000,0.000,66.905,0.000,0.008,-0.431,17.182,0.000,44.994,66.900,114.063,0.023,-1.025,17.253,0.047,41.522,0.000,0.000,0.000,0.000,0.000,0.000,0.000,22.000,2.000,2024.000,9.000,56.000,21.000
204.000,407.603,988.786,15.380,1.194,955.114,40.001,439894.896,0.000,0.000,0.000,0.000,-5.000,0.000,66.902,0.000,0.013,-0.949,17.178,0.000,45.001,66.906,114.112,0.030,-0.927,17.254,0.079,41.550,0.000,0.000,0.000,0.000,0.000,0.000,0.000,22.000,2.000,2024.000,9.000,56.000,21.000
204.000,407.603,988.786,15.380,1.194,955.114,40.001,439894.896,0.000,0.000,0.000,0.000,-5.000,0.000,66.889,0.000,0.008,-0.954,17.165,0.000,44.994,66.914,114.562,0.032,-0.502,17.254,0.297,41.508,0.000,0.000,0.000,0.000,0.000,0.000,0.000,22.000,2.000,2024.000,9.000,56.000,21.000
204.000,407.603,988.786,15.380,1.194,955.114,40.001,439894.896,0.000,0.000,0.000,0.000,-5.000,0.000,66.896,0.000,0.011,-0.480,17.164,0.000,44.994,66.893,114.985,0.026,-0.758,17.253,0.040,41.557,0.000,0.000,0.000,0.000,0.000,0.000,0.000,22.000,2.000,2024.000,9.000,56.000,21.000
204.000,407.592,988.786,15.400,1.194,955.088,40.002,439849.989,0.000,0.000,0.000,0.000,-5.000,0.000,66.910,0.000,0.008,-0.578,17.158,0.000,44.980,66.908,115.068,0.031,-1.080,17.247,0.028,41.511,0.000,0.000,0.000,0.000,0.000,0.000,0.000,22.000,2.000,2024.000,9.000,56.000,21.000
204.000,407.592,988.786,15.400,1.194,955.088,40.002,439849.989,0.000,0.000,0.000,0.000,-5.000,0.000,66.892,0.000,0.015,-0.371,17.158,0.000,45.005,66.898,115.130,0.024,-0.714,17.247,0.061,41.564,0.000,0.000,0.000,0.000,0.000,0.000,0.000,22.000,2.000,2024.000,9.000,56.000,21.000
204.000,407.576,988.789,15.400,1.194,955.050,40.001,439841.958,0.000,0.000,0.000,0.000,-5.000,0.000,66.903,0.000,0.010,-0.627,17.158,0.000,44.980,66.888,114.901,0.026,-1.140,17.247,0.157,41.511,0.000,0.000,0.000,0.000,0.000,0.000,0.000,22.000,2.000,2024.000,9.000,56.000,21.000
204.000,407.576,988.789,15.400,1.194,955.050,40.001,439841.958,0.000,0.000,0.000,0.000,-5.000,0.000,66.893,0.000,0.009,-0.987,17.158,0.000,44.994,66.894,114.745,0.028,0.071,17.247,0.057,41.557,0.000,0.000,0.000,0.000,0.000,0.000,0.000,22.000,2.000,2024.000,9.000,56.000,21.000
204.000,407.567,988.786,15.400,1.194,955.029,40.000,439836.398,0.000,0.000,0.000,0.000,-5.000,0.000,66.909,0.000,0.010,-0.485,17.162,0.000,44.980,66.904,114.730,0.019,-1.036,17.253,0.075,41.501,0.000,0.000,0.000,0.000,0.000,0.000,0.000,22.000,2.000,2024.000,9.000,56.000,21.000
204.000,407.567,988.786,15.400,1.194,955.029,40.000,439836.398,0.000,0.000,0.000,0.000,-5.000,0.000,66.896,0.000,0.007,-0.573,17.162,0.000,44.984,66.894,114.515,0.030,-1.074,17.254,0.039,41.494,0.000,0.000,0.000,0.000,0.000,0.000,0.000,22.000,2.000,2024.000,9.000,56.000,21.000
204.000,407.580,988.789,15.400,1.194,955.060,40.001,439844.133,0.000,0.000,0.000,0.000,-5.000,0.000,66.898,0.000,0.008,-1.069,17.161,0.000,44.998,66.900,114.613,0.027,-0.742,17.225,0.079,41.505,0.000,0.000,0.000,0.000,0.000,0.000,0.000,22.000,2.000,2024.000,9.000,56.000,22.000
204.000,407.580,988.789,15.400,1.194,955.060,40.001,439844.133,0.000,0.000,0.000,0.000,-5.000,0.000,66.907,0.000,0.007,-0.856,17.161,0.000,44.980,66.897,114.541,0.028,-0.758,17.217,0.160,41.469,0.000,0.000,0.000,0.000,0.000,0.000,0.000,22.000,2.000,2024.000,9.000,56.000,22.000
204.000,407.584,988.790,15.400,1.194,955.069,40.001,439846.530,0.000,0.000,0.000,0.000,-5.000,0.000,66.896,0.000,0.006,-0.224,17.170,0.000,44.998,66.897,114.179,0.027,-1.178,17.231,0.020,41.519,0.000,0.000,0.000,0.000,0.000,0.000,0.000,22.000,2.000,2024.000,9.000,56.000,22.000
204.000,407.584,988.790,15.400,1.194,955.069,40.001,439846.530,0.000,0.000,0.000,0.000,-5.000,0.000,66.903,0.000,0.006,-1.102,17.173,0.000,44.991,66.895,114.069,0.029,-1.189,17.237,0.065,41.490,0.000,0.000,0.000,0.000,0.000,0.000,0.000,22.000,2.000,2024.000,9.000,56.000,22.000
204.000,407.584,988.790,15.400,1.194,955.069,40.001,439846.530,0.000,0.000,0.000,0.000,-5.000,0.000,66.904,0.000,0.007,-1.053,17.161,0.000,44.994,66.899,113.910,0.026,-0.300,17.230,0.064,41.532,0.000,0.000,0.000,0.000,0.000,0.000,0.000,22.000,2.000,2024.000,9.000,56.000,22.000
